16.73691729883432 12.395152670176918 0.0 0.23 0.23 0.33 0.0 Cone_Yellow
17.54440606245432 14.75612856490411 0.0 0.23 0.23 0.33 0.0 Cone_Yellow
-19.881395426358647 -5.011826363871233 0.0 0.23 0.23 0.33 0.0 Cone_Yellow
1.0334703547865498 16.38154218877695 0.0 0.23 0.23 0.33 0.0 Cone_Yellow
17.3096362052996 26.758484068981325 0.0 0.23 0.23 0.33 0.0 Cone_Yellow
-19.910553761579067 3.202751977874666 0.0 0.23 0.23 0.33 0.0 Cone_Yellow
2.8475059728272116 12.313004307102162 0.0 0.23 0.23 0.33 0.0 Cone_Yellow
-0.30791174517107667 -2.264716251085197 0.0 0.23 0.23 0.33 0.0 Cone_Yellow
3.7965356998819457 -0.7448757080080526 0.0 0.23 0.23 0.33 0.0 Cone_Yellow
37.41798473260355 15.485135078186438 0.0 0.23 0.23 0.33 0.0 Cone_Yellow
16.049661502695745 3.616500051295983 0.0 0.23 0.23 0.33 0.0 Cone_Yellow
-15.816627613402883 4.12263779747056 0.0 0.23 0.23 0.33 0.0 Cone_Yellow
-3.2299721743243586 -1.7933094983636337 0.0 0.23 0.23 0.33 0.0 Cone_Yellow
19.213101625371575 27.635051264366894 0.0 0.23 0.23 0.33 0.0 Cone_Yellow
38.054921059272786 17.145848562429926 0.0 0.23 0.23 0.33 0.0 Cone_Yellow
24.12631499865527 17.476447647258283 0.0 0.23 0.23 0.33 0.0 Cone_Yellow
5.900900685987998 9.090708121403132 0.0 0.23 0.23 0.33 0.0 Cone_Yellow
2.4470787058291084 17.65027931603331 0.0 0.23 0.23 0.33 0.0 Cone_Yellow
20.947059545900725 28.15686948050584 0.0 0.23 0.23 0.33 0.0 Cone_Yellow
-21.13341821260201 1.4323387904610598 0.0 0.23 0.23 0.33 0.0 Cone_Yellow
-17.907860050884373 4.417121019375983 0.0 0.23 0.23 0.33 0.0 Cone_Yellow
8.390833633180282 21.250857074843278 0.0 0.23 0.23 0.33 0.0 Cone_Yellow
-22.03442764658843 -1.3914538093345037 0.0 0.23 0.23 0.33 0.0 Cone_Yellow
14.753631872946816 -6.444458685530925 0.0 0.23 0.23 0.33 0.0 Cone_Yellow
27.16119180011521 28.258218721308076 0.0 0.23 0.23 0.33 0.0 Cone_Yellow
14.913291796556374 25.324514411074027 0.0 0.23 0.23 0.33 0.0 Cone_Yellow
-13.041522465735714 3.2336294835013923 0.0 0.23 0.23 0.33 0.0 Cone_Yellow
6.251187948035164 6.992610020204797 0.0 0.23 0.23 0.33 0.0 Cone_Yellow
4.648710276547035 10.83818262344028 0.0 0.23 0.23 0.33 0.0 Cone_Yellow
34.27486458775418 14.49943514713993 0.0 0.23 0.23 0.33 0.0 Cone_Yellow
15.945403851423812 0.5890734889149414 0.0 0.23 0.23 0.33 0.0 Cone_Yellow
-12.000372568425362 -9.147265661748083 0.0 0.23 0.23 0.33 0.0 Cone_Yellow
-21.421346886797895 -3.3043217135526746 0.0 0.23 0.23 0.33 0.0 Cone_Yellow
7.715410595230547 -10.226094581362226 0.0 0.23 0.23 0.33 0.0 Cone_Yellow
11.31750962201518 23.137643629475075 0.0 0.23 0.23 0.33 0.0 Cone_Yellow
18.853805081274242 16.478312435222165 0.0 0.23 0.23 0.33 0.0 Cone_Yellow
29.116847335479754 27.555230321037314 0.0 0.23 0.23 0.33 0.0 Cone_Yellow
4.703973017237369 -10.37773261712131 0.0 0.23 0.23 0.33 0.0 Cone_Yellow
-14.82342648837216 -8.433281509521333 0.0 0.23 0.23 0.33 0.0 Cone_Yellow
-10.29882496295874 1.7383412502217368 0.0 0.23 0.23 0.33 0.0 Cone_Yellow
5.0237302724102415 1.367066485966859 0.0 0.23 0.23 0.33 0.0 Cone_Yellow
5.831592857949386 4.144549814530311 0.0 0.23 0.23 0.33 0.0 Cone_Yellow
1.9492653826339454 -10.290260621802638 0.0 0.23 0.23 0.33 0.0 Cone_Yellow
36.99784684764344 19.593060267128543 0.0 0.23 0.23 0.33 0.0 Cone_Yellow
12.869586149426961 24.094575914564228 0.0 0.23 0.23 0.33 0.0 Cone_Yellow
16.272001944928274 10.327288565046153 0.0 0.23 0.23 0.33 0.0 Cone_Yellow
16.206076191291597 -1.9053189738887752 0.0 0.23 0.23 0.33 0.0 Cone_Yellow
-9.098802590397572 -9.578240202437414 0.0 0.23 0.23 0.33 0.0 Cone_Yellow
2.0121977257319434 -1.9606448581463276 0.0 0.23 0.23 0.33 0.0 Cone_Yellow
31.004454560104705 15.138288274554032 0.0 0.23 0.23 0.33 0.0 Cone_Yellow
0.7528373380774172 14.91634905156749 0.0 0.23 0.23 0.33 0.0 Cone_Yellow
12.966461816390595 -7.984858634059524 0.0 0.23 0.23 0.33 0.0 Cone_Yellow
25.171353186266572 28.635324683393826 0.0 0.23 0.23 0.33 0.0 Cone_Yellow
4.765902954484616 19.22088858577941 0.0 0.23 0.23 0.33 0.0 Cone_Yellow
36.17576544747841 14.41694890180413 0.0 0.23 0.23 0.33 0.0 Cone_Yellow
-8.448414281893633 0.5637436299893039 0.0 0.23 0.23 0.33 0.0 Cone_Yellow
35.49458738011483 22.08060653822251 0.0 0.23 0.23 0.33 0.0 Cone_Yellow
21.117193678556788 17.625138984062158 0.0 0.23 0.23 0.33 0.0 Cone_Yellow
10.503417315706237 -9.531350386725109 0.0 0.23 0.23 0.33 0.0 Cone_Yellow
33.258065357953 24.251934661849795 0.0 0.23 0.23 0.33 0.0 Cone_Yellow
23.02329893181152 28.5834691065468 0.0 0.23 0.23 0.33 0.0 Cone_Yellow
-5.687499381813203 -9.642235601572274 0.0 0.23 0.23 0.33 0.0 Cone_Yellow
-2.0143778030905137 -9.86892215821539 0.0 0.23 0.23 0.33 0.0 Cone_Yellow
15.683727078735654 -4.341400105871383 0.0 0.23 0.23 0.33 0.0 Cone_Yellow
-17.644216300070035 -6.876807505700114 0.0 0.23 0.23 0.33 0.0 Cone_Yellow
-6.174679334778735 -0.7424879512607134 0.0 0.23 0.23 0.33 0.0 Cone_Yellow
31.646973237163145 26.155663077959485 0.0 0.23 0.23 0.33 0.0 Cone_Yellow
1.262283989898651 13.509505547102538 0.0 0.23 0.23 0.33 0.0 Cone_Yellow
15.979130413589214 6.743755561626017 0.0 0.23 0.23 0.33 0.0 Cone_Yellow
27.50984322669657 16.479810882642983 0.0 0.23 0.23 0.33 0.0 Cone_Yellow
-25.357356392719723 -2.2617753533933254 0.0 0.23 0.23 0.33 0.0 Cone_Blue
2.209977803558422 3.2603267327436463 0.0 0.23 0.23 0.33 0.0 Cone_Blue
36.367864255543445 26.056341556378783 0.0 0.23 0.23 0.33 0.0 Cone_Blue
2.031716653298977 8.819153024861786 0.0 0.23 0.23 0.33 0.0 Cone_Blue
38.289155930732306 23.296213217799078 0.0 0.23 0.23 0.33 0.0 Cone_Blue
35.9590260442146 10.868033195034926 0.0 0.23 0.23 0.33 0.0 Cone_Blue
-15.914914364538738 -11.220384249665841 0.0 0.23 0.23 0.33 0.0 Cone_Blue
-19.021752245012582 -9.70343352174963 0.0 0.23 0.23 0.33 0.0 Cone_Blue
31.024176882863227 30.303097146801477 0.0 0.23 0.23 0.33 0.0 Cone_Blue
18.721017900693052 -3.9451618018873162 0.0 0.23 0.23 0.33 0.0 Cone_Blue
-24.923985488500804 0.6408511728681887 0.0 0.23 0.23 0.33 0.0 Cone_Blue
19.008966070475203 7.4922292179545575 0.0 0.23 0.23 0.33 0.0 Cone_Blue
1.0811003034869255 20.60096646910179 0.0 0.23 0.23 0.33 0.0 Cone_Blue
40.57371586167607 20.3386209542248 0.0 0.23 0.23 0.33 0.0 Cone_Blue
1.6917254575445932 -13.811759299935431 0.0 0.23 0.23 0.33 0.0 Cone_Blue
-0.7704220595635674 19.598434931368338 0.0 0.23 0.23 0.33 0.0 Cone_Blue
18.85522935652302 0.8488753762812351 0.0 0.23 0.23 0.33 0.0 Cone_Blue
6.7917132895324475 24.15655315680445 0.0 0.23 0.23 0.33 0.0 Cone_Blue
33.23146529973023 10.703043607994394 0.0 0.23 0.23 0.33 0.0 Cone_Blue
-19.92517112298901 7.048324867287112 0.0 0.23 0.23 0.33 0.0 Cone_Blue
18.892230565137996 -0.9924784304132288 0.0 0.23 0.23 0.33 0.0 Cone_Blue
-17.74839874837622 7.451404015997754 0.0 0.23 0.23 0.33 0.0 Cone_Blue
27.39396265799472 31.383283295374437 0.0 0.23 0.23 0.33 0.0 Cone_Blue
-14.553424098869915 6.994862082621205 0.0 0.23 0.23 0.33 0.0 Cone_Blue
-2.9198417751927837 13.061166853006158 0.0 0.23 0.23 0.33 0.0 Cone_Blue
-23.474595924403257 3.44281387883499 0.0 0.23 0.23 0.33 0.0 Cone_Blue
-4.953355445641651 2.057212261550994 0.0 0.23 0.23 0.33 0.0 Cone_Blue
2.994911049884081 7.1560619867889805 0.0 0.23 0.23 0.33 0.0 Cone_Blue
4.880451259807109 -13.635567550827943 0.0 0.23 0.23 0.33 0.0 Cone_Blue
20.88022900683346 13.3847598802728 0.0 0.23 0.23 0.33 0.0 Cone_Blue
-3.2235467253331924 14.971389163123945 0.0 0.23 0.23 0.33 0.0 Cone_Blue
22.615901941546543 32.013779252661024 0.0 0.23 0.23 0.33 0.0 Cone_Blue
-12.759785317428687 -12.202842827621268 0.0 0.23 0.23 0.33 0.0 Cone_Blue
-1.7001957625352668 11.537117613351816 0.0 0.23 0.23 0.33 0.0 Cone_Blue
20.27140501383077 11.93564442796459 0.0 0.23 0.23 0.33 0.0 Cone_Blue
25.14916670684973 31.902417502650472 0.0 0.23 0.23 0.33 0.0 Cone_Blue
11.601712716835888 -12.45066410060835 0.0 0.23 0.23 0.33 0.0 Cone_Blue
13.143647818126585 27.906026997163853 0.0 0.23 0.23 0.33 0.0 Cone_Blue
20.15310673705624 31.869588876645096 0.0 0.23 0.23 0.33 0.0 Cone_Blue
41.55238528632025 17.474199790597027 0.0 0.23 0.23 0.33 0.0 Cone_Blue
17.91480146963005 -7.008928231378434 0.0 0.23 0.23 0.33 0.0 Cone_Blue
-21.643086371829202 6.000316214314058 0.0 0.23 0.23 0.33 0.0 Cone_Blue
11.28198165529938 26.6839671187717 0.0 0.23 0.23 0.33 0.0 Cone_Blue
14.208493918199675 -11.055712197554044 0.0 0.23 0.23 0.33 0.0 Cone_Blue
-7.005346015551516 3.268041896269686 0.0 0.23 0.23 0.33 0.0 Cone_Blue
15.954811126185309 29.598166988983564 0.0 0.23 0.23 0.33 0.0 Cone_Blue
25.564636040777312 13.522726051231636 0.0 0.23 0.23 0.33 0.0 Cone_Blue
-9.050885369624922 4.751756236251065 0.0 0.23 0.23 0.33 0.0 Cone_Blue
0.36677978961028046 10.266591412792375 0.0 0.23 0.23 0.33 0.0 Cone_Blue
-0.005709540170368399 1.1854831807975827 0.0 0.23 0.23 0.33 0.0 Cone_Blue
1.6109741651192415 2.106488213365985 0.0 0.23 0.23 0.33 0.0 Cone_Blue
18.905342935826642 4.285466521740112 0.0 0.23 0.23 0.33 0.0 Cone_Blue
2.8212579833195175 5.59098703119005 0.0 0.23 0.23 0.33 0.0 Cone_Blue
8.273363176289696 -13.300451240028423 0.0 0.23 0.23 0.33 0.0 Cone_Blue
17.948245090621896 30.810171450354698 0.0 0.23 0.23 0.33 0.0 Cone_Blue
34.30858815965394 28.29883218111283 0.0 0.23 0.23 0.33 0.0 Cone_Blue
-24.19227442733682 -5.405340330078268 0.0 0.23 0.23 0.33 0.0 Cone_Blue
9.51508264205291 25.86889671145721 0.0 0.23 0.23 0.33 0.0 Cone_Blue
30.792841501966343 11.44186845090292 0.0 0.23 0.23 0.33 0.0 Cone_Blue
3.5855346307826634 22.16447979282668 0.0 0.23 0.23 0.33 0.0 Cone_Blue
21.798922174378728 14.089014445509154 0.0 0.23 0.23 0.33 0.0 Cone_Blue
19.323151702407024 9.289931316753195 0.0 0.23 0.23 0.33 0.0 Cone_Blue
16.070378016734743 -9.516163057009102 0.0 0.23 0.23 0.33 0.0 Cone_Blue
-11.936053488407925 6.024599976684403 0.0 0.23 0.23 0.33 0.0 Cone_Blue
-2.1661276651739074 1.3148748174224139 0.0 0.23 0.23 0.33 0.0 Cone_Blue
-9.451951222318414 -13.007823455427058 0.0 0.23 0.23 0.33 0.0 Cone_Blue
41.19003673192621 13.747385265465391 0.0 0.23 0.23 0.33 0.0 Cone_Blue
23.11981553401336 14.318411229892446 0.0 0.23 0.23 0.33 0.0 Cone_Blue
38.79901615447718 11.844993403836314 0.0 0.23 0.23 0.33 0.0 Cone_Blue
-2.776284627769706 -13.762577247508645 0.0 0.23 0.23 0.33 0.0 Cone_Blue
28.08794075567925 12.415608761622053 0.0 0.23 0.23 0.33 0.0 Cone_Blue
-2.579089738333855 17.455540162888425 0.0 0.23 0.23 0.33 0.0 Cone_Blue
-6.357113317346621 -13.631390551006156 0.0 0.23 0.23 0.33 0.0 Cone_Blue
-21.796262330732624 -7.879752048770953 0.0 0.23 0.23 0.33 0.0 Cone_Blue
