6.436408470392918 4.710037554833008 0.0 0.23 0.23 0.33 0.0 Cone_Yellow
6.228224491526831 2.2234928217145966 0.0 0.23 0.23 0.33 0.0 Cone_Yellow
37.712880241541754 30.51093016498025 0.0 0.23 0.23 0.33 0.0 Cone_Yellow
22.637883337469567 4.6680917563423865 0.0 0.23 0.23 0.33 0.0 Cone_Yellow
9.378978906952762 -9.360306259146352 0.0 0.23 0.23 0.33 0.0 Cone_Yellow
39.74173879154537 22.550786917194383 0.0 0.23 0.23 0.33 0.0 Cone_Yellow
19.88761518258777 8.17233929245995 0.0 0.23 0.23 0.33 0.0 Cone_Yellow
19.397768393276436 23.0796075791266 0.0 0.23 0.23 0.33 0.0 Cone_Yellow
15.787044240618988 20.605931125141666 0.0 0.23 0.23 0.33 0.0 Cone_Yellow
-12.869435630428764 -3.3235746486957933 0.0 0.23 0.23 0.33 0.0 Cone_Yellow
4.965018808265137 13.391746764112865 0.0 0.23 0.23 0.33 0.0 Cone_Yellow
35.99510619437877 20.661563423358114 0.0 0.23 0.23 0.33 0.0 Cone_Yellow
22.346654486868122 23.334032981074824 0.0 0.23 0.23 0.33 0.0 Cone_Yellow
7.746304336912846 -10.674050679412671 0.0 0.23 0.23 0.33 0.0 Cone_Yellow
-13.082744244321482 -5.089404933920909 0.0 0.23 0.23 0.33 0.0 Cone_Yellow
0.5069975830923568 -2.01787768986152 0.0 0.23 0.23 0.33 0.0 Cone_Yellow
16.14139764239194 10.553991266249964 0.0 0.23 0.23 0.33 0.0 Cone_Yellow
21.575825714995197 3.0932850778068723 0.0 0.23 0.23 0.33 0.0 Cone_Yellow
6.191637986617234 -11.602445455420545 0.0 0.23 0.23 0.33 0.0 Cone_Yellow
40.496617476755986 24.56571085877589 0.0 0.23 0.23 0.33 0.0 Cone_Yellow
38.095091860010854 20.885245518525217 0.0 0.23 0.23 0.33 0.0 Cone_Yellow
16.687916718177668 -1.8464242732054563 0.0 0.23 0.23 0.33 0.0 Cone_Yellow
40.682791933628394 27.52391330593886 0.0 0.23 0.23 0.33 0.0 Cone_Yellow
3.7717805332733505 23.465413719319166 0.0 0.23 0.23 0.33 0.0 Cone_Yellow
0.18929048964239215 -13.214132728758594 0.0 0.23 0.23 0.33 0.0 Cone_Yellow
11.353942526185726 -7.385906550926176 0.0 0.23 0.23 0.33 0.0 Cone_Yellow
33.08704801450901 20.8479554441307 0.0 0.23 0.23 0.33 0.0 Cone_Yellow
15.290686483310147 12.503608493302048 0.0 0.23 0.23 0.33 0.0 Cone_Yellow
17.78146556227994 9.164090127708034 0.0 0.23 0.23 0.33 0.0 Cone_Yellow
-10.061009453906404 -1.602077913280072 0.0 0.23 0.23 0.33 0.0 Cone_Yellow
4.328837983152514 16.35341102702621 0.0 0.23 0.23 0.33 0.0 Cone_Yellow
29.06200343481035 32.60251089458352 0.0 0.23 0.23 0.33 0.0 Cone_Yellow
39.62231071878487 29.229876737544988 0.0 0.23 0.23 0.33 0.0 Cone_Yellow
9.677107549029033 28.847276002927313 0.0 0.23 0.23 0.33 0.0 Cone_Yellow
14.308868358223746 -4.389163887747733 0.0 0.23 0.23 0.33 0.0 Cone_Yellow
5.377670953427753 0.23427142817958524 0.0 0.23 0.23 0.33 0.0 Cone_Yellow
-1.8786877156440944 -13.008590989986857 0.0 0.23 0.23 0.33 0.0 Cone_Yellow
12.560943414643008 29.727753759737087 0.0 0.23 0.23 0.33 0.0 Cone_Yellow
31.97394131198856 32.59755065136259 0.0 0.23 0.23 0.33 0.0 Cone_Yellow
30.06276832107772 21.63026537518282 0.0 0.23 0.23 0.33 0.0 Cone_Yellow
15.111141773485299 18.258706763377955 0.0 0.23 0.23 0.33 0.0 Cone_Yellow
15.004031435296744 15.368104235700548 0.0 0.23 0.23 0.33 0.0 Cone_Yellow
15.254012103529499 30.313796880204027 0.0 0.23 0.23 0.33 0.0 Cone_Yellow
-11.461503765695333 -7.205493383624695 0.0 0.23 0.23 0.33 0.0 Cone_Yellow
13.036574775520311 -5.695276434429765 0.0 0.23 0.23 0.33 0.0 Cone_Yellow
6.383718065537819 6.828865524447824 0.0 0.23 0.23 0.33 0.0 Cone_Yellow
3.4685300020051244 18.709215349298805 0.0 0.23 0.23 0.33 0.0 Cone_Yellow
26.14283770214864 32.31386090347285 0.0 0.23 0.23 0.33 0.0 Cone_Yellow
17.221568956228104 22.219652127275637 0.0 0.23 0.23 0.33 0.0 Cone_Yellow
-6.733482383248024 -1.4252201699023535 0.0 0.23 0.23 0.33 0.0 Cone_Yellow
22.553233646051538 6.157514546934703 0.0 0.23 0.23 0.33 0.0 Cone_Yellow
5.1299914854511055 25.394680891553865 0.0 0.23 0.23 0.33 0.0 Cone_Yellow
2.2110571517884807 -13.095279122846343 0.0 0.23 0.23 0.33 0.0 Cone_Yellow
19.709325397347847 1.005239116007297 0.0 0.23 0.23 0.33 0.0 Cone_Yellow
-11.924764524639027 -1.9850205923958453 0.0 0.23 0.23 0.33 0.0 Cone_Yellow
27.98201044386069 22.318847915227813 0.0 0.23 0.23 0.33 0.0 Cone_Yellow
-9.397689205656807 -9.25203801771429 0.0 0.23 0.23 0.33 0.0 Cone_Yellow
3.461729137147497 -1.4292507484269081 0.0 0.23 0.23 0.33 0.0 Cone_Yellow
7.1422432869784505 27.49445888950129 0.0 0.23 0.23 0.33 0.0 Cone_Yellow
-6.699701752064325 -10.813306821068515 0.0 0.23 0.23 0.33 0.0 Cone_Yellow
4.281806438465885 -12.521847808164631 0.0 0.23 0.23 0.33 0.0 Cone_Yellow
22.818660455595733 31.545140781771604 0.0 0.23 0.23 0.33 0.0 Cone_Yellow
19.200926165068513 30.870450089539634 0.0 0.23 0.23 0.33 0.0 Cone_Yellow
3.3818685118622938 21.199161064192175 0.0 0.23 0.23 0.33 0.0 Cone_Yellow
35.08886320282949 31.774915799007193 0.0 0.23 0.23 0.33 0.0 Cone_Yellow
25.45861609872783 23.032004652935605 0.0 0.23 0.23 0.33 0.0 Cone_Yellow
-4.673484268782428 -12.267350291676413 0.0 0.23 0.23 0.33 0.0 Cone_Yellow
21.716503371668747 7.397928584681132 0.0 0.23 0.23 0.33 0.0 Cone_Yellow
5.7950379742262434 10.375827361085431 0.0 0.23 0.23 0.33 0.0 Cone_Yellow
-3.0173764120207203 -1.8752731559019442 0.0 0.23 0.23 0.33 0.0 Cone_Yellow
43.69371207810451 29.177296179173773 0.0 0.23 0.23 0.33 0.0 Cone_Blue
18.301259120666582 17.1077121373227 0.0 0.23 0.23 0.33 0.0 Cone_Blue
-9.276422087611945 -13.32074490342546 0.0 0.23 0.23 0.33 0.0 Cone_Blue
19.82794935906603 11.759671028691285 0.0 0.23 0.23 0.33 0.0 Cone_Blue
-11.812066893843731 -11.111632963479787 0.0 0.23 0.23 0.33 0.0 Cone_Blue
-12.578853775944552 1.5098250285160257 0.0 0.23 0.23 0.33 0.0 Cone_Blue
32.35379451656389 35.566557052654694 0.0 0.23 0.23 0.33 0.0 Cone_Blue
35.73652631801533 34.851919601969506 0.0 0.23 0.23 0.33 0.0 Cone_Blue
-3.059373815205138 -16.138232891029304 0.0 0.23 0.23 0.33 0.0 Cone_Blue
0.5325277626930642 20.07515144420908 0.0 0.23 0.23 0.33 0.0 Cone_Blue
43.980295169849214 26.256522099737545 0.0 0.23 0.23 0.33 0.0 Cone_Blue
3.0387113079995824 8.91200352229766 0.0 0.23 0.23 0.33 0.0 Cone_Blue
23.619285940012805 0.5641109082962648 0.0 0.23 0.23 0.33 0.0 Cone_Blue
-14.748132619731233 -8.799472906542363 0.0 0.23 0.23 0.33 0.0 Cone_Blue
14.646172047781214 33.79198753336466 0.0 0.23 0.23 0.33 0.0 Cone_Blue
25.170904061795326 1.9873767826789694 0.0 0.23 0.23 0.33 0.0 Cone_Blue
1.5698969594622163 15.392772739946386 0.0 0.23 0.23 0.33 0.0 Cone_Blue
18.946542057566116 -4.275182633039819 0.0 0.23 0.23 0.33 0.0 Cone_Blue
-9.973599093421623 2.3341169779346145 0.0 0.23 0.23 0.33 0.0 Cone_Blue
40.69246673553205 18.824560824810643 0.0 0.23 0.23 0.33 0.0 Cone_Blue
1.0855665780449186 17.169673697372918 0.0 0.23 0.23 0.33 0.0 Cone_Blue
38.67940098402346 17.903486967236862 0.0 0.23 0.23 0.33 0.0 Cone_Blue
0.7246062882851589 -16.30179330921202 0.0 0.23 0.23 0.33 0.0 Cone_Blue
35.46943805966445 17.568178792329583 0.0 0.23 0.23 0.33 0.0 Cone_Blue
25.663520543193908 8.851282962440115 0.0 0.23 0.23 0.33 0.0 Cone_Blue
43.256935384302054 23.18593978773273 0.0 0.23 0.23 0.33 0.0 Cone_Blue
24.955904119721378 20.019159819566607 0.0 0.23 0.23 0.33 0.0 Cone_Blue
18.488726777285418 13.138111496386534 0.0 0.23 0.23 0.33 0.0 Cone_Blue
11.596365764095454 32.844518585873956 0.0 0.23 0.23 0.33 0.0 Cone_Blue
2.6588572152621985 2.7411645638107793 0.0 0.23 0.23 0.33 0.0 Cone_Blue
26.42329667946988 7.0725400935697795 0.0 0.23 0.23 0.33 0.0 Cone_Blue
5.512354679962694 -15.749656822273154 0.0 0.23 0.23 0.33 0.0 Cone_Blue
29.05439575502229 35.75103462216802 0.0 0.23 0.23 0.33 0.0 Cone_Blue
24.109430117620008 10.032411842038732 0.0 0.23 0.23 0.33 0.0 Cone_Blue
2.8964325115687064 4.2949213746274 0.0 0.23 0.23 0.33 0.0 Cone_Blue
3.028243296342797 -16.25859929865146 0.0 0.23 0.23 0.33 0.0 Cone_Blue
5.366047045093794 30.05839575661096 0.0 0.23 0.23 0.33 0.0 Cone_Blue
13.699005542446844 -9.458712979972864 0.0 0.23 0.23 0.33 0.0 Cone_Blue
7.865881123894992 -15.010018828719938 0.0 0.23 0.23 0.33 0.0 Cone_Blue
-16.394936190242806 -6.259642115815863 0.0 0.23 0.23 0.33 0.0 Cone_Blue
0.5683201334366821 23.243016430976862 0.0 0.23 0.23 0.33 0.0 Cone_Blue
42.103425042966784 20.25939586535885 0.0 0.23 0.23 0.33 0.0 Cone_Blue
15.206998117861176 -7.820058153388917 0.0 0.23 0.23 0.33 0.0 Cone_Blue
3.1774803209245057 28.070589242516245 0.0 0.23 0.23 0.33 0.0 Cone_Blue
27.240996432718084 19.344528939458556 0.0 0.23 0.23 0.33 0.0 Cone_Blue
11.384587658314588 -11.784534717359472 0.0 0.23 0.23 0.33 0.0 Cone_Blue
-1.8509060833911555 1.4665120958372824 0.0 0.23 0.23 0.33 0.0 Cone_Blue
29.58629010283578 18.40365854847193 0.0 0.23 0.23 0.33 0.0 Cone_Blue
21.795265507548308 10.761292433745702 0.0 0.23 0.23 0.33 0.0 Cone_Blue
19.94492669571246 19.659692363138507 0.0 0.23 0.23 0.33 0.0 Cone_Blue
18.601221479641747 18.372690900330625 0.0 0.23 0.23 0.33 0.0 Cone_Blue
2.358239554703161 12.047449732461793 0.0 0.23 0.23 0.33 0.0 Cone_Blue
18.275992994956162 14.698354856259014 0.0 0.23 0.23 0.33 0.0 Cone_Blue
8.387225716787256 31.693182678531468 0.0 0.23 0.23 0.33 0.0 Cone_Blue
9.746345800289662 -13.445527613060094 0.0 0.23 0.23 0.33 0.0 Cone_Blue
-6.733012924967614 -14.994200033537677 0.0 0.23 0.23 0.33 0.0 Cone_Blue
41.79812601247036 31.942467099112424 0.0 0.23 0.23 0.33 0.0 Cone_Blue
16.7221951036857 -6.599218284266257 0.0 0.23 0.23 0.33 0.0 Cone_Blue
-7.428466777762377 2.211439876133999 0.0 0.23 0.23 0.33 0.0 Cone_Blue
21.57103595675293 -1.5622562329280358 0.0 0.23 0.23 0.33 0.0 Cone_Blue
1.93933924152984 1.834375991856605 0.0 0.23 0.23 0.33 0.0 Cone_Blue
3.171797846412314 7.091911925528217 0.0 0.23 0.23 0.33 0.0 Cone_Blue
1.7465976964285481 26.12395140577158 0.0 0.23 0.23 0.33 0.0 Cone_Blue
32.69457662013001 17.87179278758006 0.0 0.23 0.23 0.33 0.0 Cone_Blue
22.071808528035476 20.060344758372285 0.0 0.23 0.23 0.33 0.0 Cone_Blue
25.65011273717716 35.726188167131546 0.0 0.23 0.23 0.33 0.0 Cone_Blue
-16.95112592900693 -2.5567924086177585 0.0 0.23 0.23 0.33 0.0 Cone_Blue
0.7140841280549886 1.2901958202994543 0.0 0.23 0.23 0.33 0.0 Cone_Blue
-15.095405373637956 -0.129370851211974 0.0 0.23 0.23 0.33 0.0 Cone_Blue
18.991631995770405 34.83242534369883 0.0 0.23 0.23 0.33 0.0 Cone_Blue
-4.567863577470842 1.925769488334152 0.0 0.23 0.23 0.33 0.0 Cone_Blue
26.403233792092234 4.506233705339174 0.0 0.23 0.23 0.33 0.0 Cone_Blue
22.49659422360898 35.577263470315096 0.0 0.23 0.23 0.33 0.0 Cone_Blue
38.871637624049185 33.75885170406626 0.0 0.23 0.23 0.33 0.0 Cone_Blue
