16.541795376210075 0.7025649445205708 0.0 0.23 0.23 0.33 0.0 Cone_Yellow
15.767814130523256 -1.6696066998130563 0.0 0.23 0.23 0.33 0.0 Cone_Yellow
52.90999071056255 18.626239625070973 0.0 0.23 0.23 0.33 0.0 Cone_Yellow
32.30010749509033 -3.0610963689452317 0.0 0.23 0.23 0.33 0.0 Cone_Yellow
16.172489234597332 -13.6674353613761 0.0 0.23 0.23 0.33 0.0 Cone_Yellow
53.05544773222922 10.412897443227973 0.0 0.23 0.23 0.33 0.0 Cone_Yellow
30.42865153014936 0.9813506980464695 0.0 0.23 0.23 0.33 0.0 Cone_Yellow
33.377362310904815 15.602284402126813 0.0 0.23 0.23 0.33 0.0 Cone_Yellow
29.294844079847813 14.024485619432856 0.0 0.23 0.23 0.33 0.0 Cone_Yellow
-4.0934513945781 -2.6799093259794446 0.0 0.23 0.23 0.33 0.0 Cone_Yellow
17.104694543799503 9.490067824146742 0.0 0.23 0.23 0.33 0.0 Cone_Yellow
48.97495561310892 9.435142211275007 0.0 0.23 0.23 0.33 0.0 Cone_Yellow
36.305804019712994 15.172295290348842 0.0 0.23 0.23 0.33 0.0 Cone_Yellow
14.281624993245304 -14.570863872223601 0.0 0.23 0.23 0.33 0.0 Cone_Yellow
-4.706811579443869 -4.349474073031942 0.0 0.23 0.23 0.33 0.0 Cone_Yellow
9.225079039374169 -4.482839481029091 0.0 0.23 0.23 0.33 0.0 Cone_Yellow
27.329941739231412 4.160094099832467 0.0 0.23 0.23 0.33 0.0 Cone_Yellow
30.904603548185264 -4.349720131875423 0.0 0.23 0.23 0.33 0.0 Cone_Yellow
12.555228742744003 -15.117179080793921 0.0 0.23 0.23 0.33 0.0 Cone_Yellow
54.25312419138479 12.20044644085803 0.0 0.23 0.23 0.33 0.0 Cone_Yellow
51.070147728239874 9.17029607433576 0.0 0.23 0.23 0.33 0.0 Cone_Yellow
25.01242116487577 -8.034088408183537 0.0 0.23 0.23 0.33 0.0 Cone_Yellow
55.114064197101385 15.0367124638801 0.0 0.23 0.23 0.33 0.0 Cone_Yellow
18.258151699360365 19.568367288620216 0.0 0.23 0.23 0.33 0.0 Cone_Yellow
6.343154221463497 -15.306497551994152 0.0 0.23 0.23 0.33 0.0 Cone_Yellow
18.548291386417226 -12.199682098555114 0.0 0.23 0.23 0.33 0.0 Cone_Yellow
46.18754207361451 10.284771614461121 0.0 0.23 0.23 0.33 0.0 Cone_Yellow
26.949984813069783 6.253022560737509 0.0 0.23 0.23 0.33 0.0 Cone_Yellow
28.606747303870154 2.430523197303909 0.0 0.23 0.23 0.33 0.0 Cone_Yellow
-0.9646017736663133 -1.6498080451612953 0.0 0.23 0.23 0.33 0.0 Cone_Yellow
17.166079584356666 12.518667025965108 0.0 0.23 0.23 0.33 0.0 Cone_Yellow
44.971208405701105 22.649685286405283 0.0 0.23 0.23 0.33 0.0 Cone_Yellow
54.473962592988826 16.94070867538523 0.0 0.23 0.23 0.33 0.0 Cone_Yellow
25.24212732347122 23.449270957170015 0.0 0.23 0.23 0.33 0.0 Cone_Yellow
22.11275154753725 -9.96212159167544 0.0 0.23 0.23 0.33 0.0 Cone_Yellow
14.482928948454678 -3.4101563666053716 0.0 0.23 0.23 0.33 0.0 Cone_Yellow
4.3777418228744445 -14.631267689362435 0.0 0.23 0.23 0.33 0.0 Cone_Yellow
28.251116184508692 23.643529584238877 0.0 0.23 0.23 0.33 0.0 Cone_Yellow
47.80408792787915 21.97574135892895 0.0 0.23 0.23 0.33 0.0 Cone_Yellow
43.423949248605766 11.741078996123331 0.0 0.23 0.23 0.33 0.0 Cone_Yellow
28.09767328459985 11.8953805406404 0.0 0.23 0.23 0.33 0.0 Cone_Yellow
27.329215146874166 9.106737915970633 0.0 0.23 0.23 0.33 0.0 Cone_Yellow
31.00678614233108 23.595067375636773 0.0 0.23 0.23 0.33 0.0 Cone_Yellow
-3.6151958103573385 -6.781474490216802 0.0 0.23 0.23 0.33 0.0 Cone_Yellow
20.574378784660325 -10.94093219011979 0.0 0.23 0.23 0.33 0.0 Cone_Yellow
16.97738741067318 2.7768040394896474 0.0 0.23 0.23 0.33 0.0 Cone_Yellow
16.87011788167704 15.009118892155485 0.0 0.23 0.23 0.33 0.0 Cone_Yellow
42.06382753161688 23.039536341455552 0.0 0.23 0.23 0.33 0.0 Cone_Yellow
31.061790410161205 15.265395486511729 0.0 0.23 0.23 0.33 0.0 Cone_Yellow
2.314525316763582 -2.2422948316517353 0.0 0.23 0.23 0.33 0.0 Cone_Yellow
32.559968249621974 -1.5920768974448647 0.0 0.23 0.23 0.33 0.0 Cone_Yellow
20.023333720840245 21.133915513211935 0.0 0.23 0.23 0.33 0.0 Cone_Yellow
8.338132444366632 -15.655393676859317 0.0 0.23 0.23 0.33 0.0 Cone_Yellow
28.608248323815197 -5.953001784571992 0.0 0.23 0.23 0.33 0.0 Cone_Yellow
-2.8664799446533387 -1.5942429311690525 0.0 0.23 0.23 0.33 0.0 Cone_Yellow
41.557094134871136 12.88936086151108 0.0 0.23 0.23 0.33 0.0 Cone_Yellow
-2.0768684511278543 -9.247488361506656 0.0 0.23 0.23 0.33 0.0 Cone_Yellow
12.23600392362666 -4.588912918330322 0.0 0.23 0.23 0.33 0.0 Cone_Yellow
22.46423619687021 22.71512392955841 0.0 0.23 0.23 0.33 0.0 Cone_Yellow
0.19017096721414006 -11.386934283177306 0.0 0.23 0.23 0.33 0.0 Cone_Yellow
10.48523723306815 -15.573131247600294 0.0 0.23 0.23 0.33 0.0 Cone_Yellow
38.65196019015087 23.05522825803886 0.0 0.23 0.23 0.33 0.0 Cone_Yellow
34.9759973466356 23.229888213770337 0.0 0.23 0.23 0.33 0.0 Cone_Yellow
17.357924719141344 17.452351252434116 0.0 0.23 0.23 0.33 0.0 Cone_Yellow
50.646631499933406 20.45935996649405 0.0 0.23 0.23 0.33 0.0 Cone_Yellow
39.265093517031715 14.163270089600047 0.0 0.23 0.23 0.33 0.0 Cone_Yellow
1.8280545063769509 -13.26766212529434 0.0 0.23 0.23 0.33 0.0 Cone_Yellow
32.03065463570611 -0.1925871206939167 0.0 0.23 0.23 0.33 0.0 Cone_Yellow
17.21949409824056 6.36412433078026 0.0 0.23 0.23 0.33 0.0 Cone_Yellow
5.827779602560959 -3.534206439667053 0.0 0.23 0.23 0.33 0.0 Cone_Yellow
58.42433791899744 15.953992643565133 0.0 0.23 0.23 0.33 0.0 Cone_Blue
30.937948422741385 10.042147026576366 0.0 0.23 0.23 0.33 0.0 Cone_Blue
-2.8937695319894168 -13.235188708804534 0.0 0.23 0.23 0.33 0.0 Cone_Blue
31.194893304004946 4.486401701993161 0.0 0.23 0.23 0.33 0.0 Cone_Blue
-4.853946403929829 -10.502538570698551 0.0 0.23 0.23 0.33 0.0 Cone_Blue
-2.70000764448967 1.9573856580782145 0.0 0.23 0.23 0.33 0.0 Cone_Blue
48.856006737630004 24.77801798439475 0.0 0.23 0.23 0.33 0.0 Cone_Blue
51.984010139538775 23.305205761428134 0.0 0.23 0.23 0.33 0.0 Cone_Blue
2.509507612556174 -17.405862980545226 0.0 0.23 0.23 0.33 0.0 Cone_Blue
14.326548244328766 17.013150844142316 0.0 0.23 0.23 0.33 0.0 Cone_Blue
58.032105699161875 13.045521399543052 0.0 0.23 0.23 0.33 0.0 Cone_Blue
14.200558972620584 5.5728294241535 0.0 0.23 0.23 0.33 0.0 Cone_Blue
32.312220728299366 -7.280772083853811 0.0 0.23 0.23 0.33 0.0 Cone_Blue
-7.180150806518736 -7.577587433841018 0.0 0.23 0.23 0.33 0.0 Cone_Blue
31.214443043917434 27.119859336069275 0.0 0.23 0.23 0.33 0.0 Cone_Blue
34.14936372166173 -6.252127263244743 0.0 0.23 0.23 0.33 0.0 Cone_Blue
14.260223990413786 12.217694007314265 0.0 0.23 0.23 0.33 0.0 Cone_Blue
26.652519937309286 -10.916852985955186 0.0 0.23 0.23 0.33 0.0 Cone_Blue
0.024943805054878254 2.160975383528667 0.0 0.23 0.23 0.33 0.0 Cone_Blue
53.1245090663852 6.567916942996124 0.0 0.23 0.23 0.33 0.0 Cone_Blue
14.197156690883968 14.058339395920438 0.0 0.23 0.23 0.33 0.0 Cone_Blue
50.95366164251335 6.134059554823864 0.0 0.23 0.23 0.33 0.0 Cone_Blue
6.154651209346714 -18.434544463212944 0.0 0.23 0.23 0.33 0.0 Cone_Blue
47.75254352262969 6.545321430605766 0.0 0.23 0.23 0.33 0.0 Cone_Blue
36.206013673343094 0.3149169743523963 0.0 0.23 0.23 0.33 0.0 Cone_Blue
56.62253146023615 10.223319142598903 0.0 0.23 0.23 0.33 0.0 Cone_Blue
38.0835300620402 11.34655904200866 0.0 0.23 0.23 0.33 0.0 Cone_Blue
30.208249483553764 6.135689190000187 0.0 0.23 0.23 0.33 0.0 Cone_Blue
28.028531358306264 26.89853941840593 0.0 0.23 0.23 0.33 0.0 Cone_Blue
12.412909759250024 -0.34560388824298016 0.0 0.23 0.23 0.33 0.0 Cone_Blue
36.536733019985874 -1.5908140361964929 0.0 0.23 0.23 0.33 0.0 Cone_Blue
10.941159558093082 -18.997329670553466 0.0 0.23 0.23 0.33 0.0 Cone_Blue
45.687284323656726 25.715707924886352 0.0 0.23 0.23 0.33 0.0 Cone_Blue
34.964912487825394 1.821545770170701 0.0 0.23 0.23 0.33 0.0 Cone_Blue
13.001156222974588 1.1119860220163176 0.0 0.23 0.23 0.33 0.0 Cone_Blue
8.406572044601884 -18.921844924104086 0.0 0.23 0.23 0.33 0.0 Cone_Blue
21.3247193720723 25.618595430057738 0.0 0.23 0.23 0.33 0.0 Cone_Blue
20.354306927752518 -14.75588140748788 0.0 0.23 0.23 0.33 0.0 Cone_Blue
13.40166647902318 -18.818285609353083 0.0 0.23 0.23 0.33 0.0 Cone_Blue
-8.199276478690589 -4.7273093229030145 0.0 0.23 0.23 0.33 0.0 Cone_Blue
15.089307210061435 20.088024569742625 0.0 0.23 0.23 0.33 0.0 Cone_Blue
54.827414473990316 7.640142717566615 0.0 0.23 0.23 0.33 0.0 Cone_Blue
22.198484632398156 -13.507586633854842 0.0 0.23 0.23 0.33 0.0 Cone_Blue
18.737949107950463 24.186876657297695 0.0 0.23 0.23 0.33 0.0 Cone_Blue
40.152457831638635 10.16490275209334 0.0 0.23 0.23 0.33 0.0 Cone_Blue
17.56738261672279 -16.48765211433182 0.0 0.23 0.23 0.33 0.0 Cone_Blue
7.730925556423422 -0.5498778427106252 0.0 0.23 0.23 0.33 0.0 Cone_Blue
42.21879852065971 8.710297771823665 0.0 0.23 0.23 0.33 0.0 Cone_Blue
32.88015605678233 3.062680485944931 0.0 0.23 0.23 0.33 0.0 Cone_Blue
33.12403815452234 12.148152215272255 0.0 0.23 0.23 0.33 0.0 Cone_Blue
31.520556032939282 11.204350563054597 0.0 0.23 0.23 0.33 0.0 Cone_Blue
14.258770527709109 8.780737801698145 0.0 0.23 0.23 0.33 0.0 Cone_Blue
30.359726888388153 7.70306585181282 0.0 0.23 0.23 0.33 0.0 Cone_Blue
24.64070407018632 26.51542001059255 0.0 0.23 0.23 0.33 0.0 Cone_Blue
15.591307953285137 -17.727758041046414 0.0 0.23 0.23 0.33 0.0 Cone_Blue
-0.8029507594661744 -15.448299438430698 0.0 0.23 0.23 0.33 0.0 Cone_Blue
57.214866285186496 19.08074736942826 0.0 0.23 0.23 0.33 0.0 Cone_Blue
23.953666823412732 -12.667582248011277 0.0 0.23 0.23 0.33 0.0 Cone_Blue
2.4737834293472964 1.456750511762138 0.0 0.23 0.23 0.33 0.0 Cone_Blue
29.830173564704374 -8.879586360401447 0.0 0.23 0.23 0.33 0.0 Cone_Blue
11.504279473841923 -1.0627946809821252 0.0 0.23 0.23 0.33 0.0 Cone_Blue
13.911856611848444 3.770859281719945 0.0 0.23 0.23 0.33 0.0 Cone_Blue
16.898048487293885 22.621121357565983 0.0 0.23 0.23 0.33 0.0 Cone_Blue
45.121698323475194 7.478429679852773 0.0 0.23 0.23 0.33 0.0 Cone_Blue
35.28607166397269 12.049360644346095 0.0 0.23 0.23 0.33 0.0 Cone_Blue
42.36838489149764 26.473775712838545 0.0 0.23 0.23 0.33 0.0 Cone_Blue
-7.889728304629781 -0.9957382184566299 0.0 0.23 0.23 0.33 0.0 Cone_Blue
10.186766294552672 -1.3108696184735615 0.0 0.23 0.23 0.33 0.0 Cone_Blue
-5.52588134975489 0.9403149241264863 0.0 0.23 0.23 0.33 0.0 Cone_Blue
35.68270162296156 27.133940087105856 0.0 0.23 0.23 0.33 0.0 Cone_Blue
5.192199235541402 0.5214036538436844 0.0 0.23 0.23 0.33 0.0 Cone_Blue
35.92751111770643 -4.0838402437414825 0.0 0.23 0.23 0.33 0.0 Cone_Blue
39.265028745267614 27.05346374134652 0.0 0.23 0.23 0.33 0.0 Cone_Blue
54.784061734800886 21.520988455571572 0.0 0.23 0.23 0.33 0.0 Cone_Blue
