-6.152392489704475 -20.203142725120266 0.0 0.23 0.23 0.33 0.0 Cone_Yellow
-6.300089717618693 -17.712273236824686 0.0 0.23 0.23 0.33 0.0 Cone_Yellow
-33.43998957158898 -50.191320252748525 0.0 0.23 0.23 0.33 0.0 Cone_Yellow
-22.195029202756732 -22.466625574968102 0.0 0.23 0.23 0.33 0.0 Cone_Yellow
-11.066833859507398 -6.694569083152254 0.0 0.23 0.23 0.33 0.0 Cone_Yellow
-36.58070850792339 -42.60079773422953 0.0 0.23 0.23 0.33 0.0 Cone_Yellow
-18.974184307722854 -25.543943218676198 0.0 0.23 0.23 0.33 0.0 Cone_Yellow
-16.36844662844461 -40.22987964760185 0.0 0.23 0.23 0.33 0.0 Cone_Yellow
-13.146384466551638 -37.267664339680955 0.0 0.23 0.23 0.33 0.0 Cone_Yellow
11.814116288715343 -9.504586570344898 0.0 0.23 0.23 0.33 0.0 Cone_Yellow
-3.4608137183631893 -28.587202961662946 0.0 0.23 0.23 0.33 0.0 Cone_Yellow
-33.14096962251964 -40.197754324705755 0.0 0.23 0.23 0.33 0.0 Cone_Yellow
-19.251138460127414 -40.901258290160726 0.0 0.23 0.23 0.33 0.0 Cone_Yellow
-9.637675190546261 -5.161905991546945 0.0 0.23 0.23 0.33 0.0 Cone_Yellow
11.774028417862397 -7.726371138067494 0.0 0.23 0.23 0.33 0.0 Cone_Yellow
-1.2404852229327972 -12.700081748900821 0.0 0.23 0.23 0.33 0.0 Cone_Yellow
-14.927234023898203 -27.368389815039144 0.0 0.23 0.23 0.33 0.0 Cone_Yellow
-21.367824629537964 -20.756738133566788 0.0 0.23 0.23 0.33 0.0 Cone_Yellow
-8.230907095176955 -4.021770979054475 0.0 0.23 0.23 0.33 0.0 Cone_Yellow
-37.04124287631895 -44.70262275436564 0.0 0.23 0.23 0.33 0.0 Cone_Yellow
-35.18777015804298 -40.71792837571171 0.0 0.23 0.23 0.33 0.0 Cone_Yellow
-17.232414757312714 -15.171868571764088 0.0 0.23 0.23 0.33 0.0 Cone_Yellow
-36.804656742363306 -47.65722080621849 0.0 0.23 0.23 0.33 0.0 Cone_Yellow
-0.8465215156577734 -38.388634478752394 0.0 0.23 0.23 0.33 0.0 Cone_Yellow
-2.5189136695990832 -1.5725175320557447 0.0 0.23 0.23 0.33 0.0 Cone_Yellow
-12.740807552604165 -8.929864942749738 0.0 0.23 0.23 0.33 0.0 Cone_Yellow
-30.235974803710562 -39.96851762256687 0.0 0.23 0.23 0.33 0.0 Cone_Yellow
-13.807802306033423 -29.177143374052324 0.0 0.23 0.23 0.33 0.0 Cone_Yellow
-16.74836151546861 -26.225961429444496 0.0 0.23 0.23 0.33 0.0 Cone_Yellow
9.279177458198358 -11.608129706237332 0.0 0.23 0.23 0.33 0.0 Cone_Yellow
-2.4097450086742604 -31.428230208271447 0.0 0.23 0.23 0.33 0.0 Cone_Yellow
-24.579540316182115 -51.030854925082565 0.0 0.23 0.23 0.33 0.0 Cone_Yellow
-35.51225370527616 -49.19495486214015 0.0 0.23 0.23 0.33 0.0 Cone_Yellow
-5.92609436006502 -44.55590847307909 0.0 0.23 0.23 0.33 0.0 Cone_Yellow
-15.239325138536971 -12.316524526313447 0.0 0.23 0.23 0.33 0.0 Cone_Yellow
-5.741196996803 -15.622277542979965 0.0 0.23 0.23 0.33 0.0 Cone_Yellow
-0.4427288504883684 -1.481754870066192 0.0 0.23 0.23 0.33 0.0 Cone_Yellow
-8.655328503177044 -45.837716326117075 0.0 0.23 0.23 0.33 0.0 Cone_Yellow
-27.46256286488324 -51.44022980003072 0.0 0.23 0.23 0.33 0.0 Cone_Yellow
-27.131158800208635 -40.3126020260524 0.0 0.23 0.23 0.33 0.0 Cone_Yellow
-12.81129970129563 -34.84815518499114 0.0 0.23 0.23 0.33 0.0 Cone_Yellow
-13.116528175901863 -31.971717948434186 0.0 0.23 0.23 0.33 0.0 Cone_Yellow
-11.237625550697658 -46.80094395262795 0.0 0.23 0.23 0.33 0.0 Cone_Yellow
9.868221368070625 -5.86246381594289 0.0 0.23 0.23 0.33 0.0 Cone_Yellow
-14.16579576783031 -10.842687481244107 0.0 0.23 0.23 0.33 0.0 Cone_Yellow
-5.798790039131289 -22.292921074738825 0.0 0.23 0.23 0.33 0.0 Cone_Yellow
-1.2230253975440881 -33.637673665756424 0.0 0.23 0.23 0.33 0.0 Cone_Yellow
-21.731135692405132 -50.32982818425131 0.0 0.23 0.23 0.33 0.0 Cone_Yellow
-14.336730911473142 -39.06906156780262 0.0 0.23 0.23 0.33 0.0 Cone_Yellow
6.010660651329847 -12.256599405278902 0.0 0.23 0.23 0.33 0.0 Cone_Yellow
-21.899338743551702 -23.928854343570364 0.0 0.23 0.23 0.33 0.0 Cone_Yellow
-1.916437374781772 -40.49151081055915 0.0 0.23 0.23 0.33 0.0 Cone_Yellow
-4.503204933219269 -1.9778011326668299 0.0 0.23 0.23 0.33 0.0 Cone_Yellow
-19.817379499388252 -18.424383256460775 0.0 0.23 0.23 0.33 0.0 Cone_Yellow
11.069492219444026 -10.963923904621275 0.0 0.23 0.23 0.33 0.0 Cone_Yellow
-24.973601552001032 -40.69814836407465 0.0 0.23 0.23 0.33 0.0 Cone_Yellow
7.53423629785512 -4.130358400686923 0.0 0.23 0.23 0.33 0.0 Cone_Yellow
-4.081415826351689 -13.703093981762287 0.0 0.23 0.23 0.33 0.0 Cone_Yellow
-3.609482234973095 -42.85621460909162 0.0 0.23 0.23 0.33 0.0 Cone_Yellow
4.641570049684248 -2.9688169452224002 0.0 0.23 0.23 0.33 0.0 Cone_Yellow
-6.471307277277271 -2.84000716619129 0.0 0.23 0.23 0.33 0.0 Cone_Yellow
-18.550139557372134 -49.0959932759619 0.0 0.23 0.23 0.33 0.0 Cone_Yellow
-15.065194848655487 -47.913466614854926 0.0 0.23 0.23 0.33 0.0 Cone_Yellow
-0.7829980878202072 -36.089961545204275 0.0 0.23 0.23 0.33 0.0 Cone_Yellow
-30.66283610028384 -51.06912643824545 0.0 0.23 0.23 0.33 0.0 Cone_Yellow
-22.37441425638032 -41.04504453855687 0.0 0.23 0.23 0.33 0.0 Cone_Yellow
2.429095412222164 -1.817836631506438 0.0 0.23 0.23 0.33 0.0 Cone_Yellow
-20.89464482458454 -25.037607998038975 0.0 0.23 0.23 0.33 0.0 Cone_Yellow
-4.711467931840959 -25.72005007077442 0.0 0.23 0.23 0.33 0.0 Cone_Yellow
2.2683263834644976 -12.33981903733219 0.0 0.23 0.23 0.33 0.0 Cone_Yellow
-39.54972035227115 -49.72215199622903 0.0 0.23 0.23 0.33 0.0 Cone_Blue
-16.132719596854827 -34.162730356597436 0.0 0.23 0.23 0.33 0.0 Cone_Blue
6.835343259198343 -0.12029232189601302 0.0 0.23 0.23 0.33 0.0 Cone_Blue
-18.404751719723972 -29.08629491267751 0.0 0.23 0.23 0.33 0.0 Cone_Blue
9.659487621977103 -1.946183546686175 0.0 0.23 0.23 0.33 0.0 Cone_Blue
12.214143494531687 -14.330160990912214 0.0 0.23 0.23 0.33 0.0 Cone_Blue
-27.416148234835067 -54.43307679746597 0.0 0.23 0.23 0.33 0.0 Cone_Blue
-30.866142234030136 -54.20697387402015 0.0 0.23 0.23 0.33 0.0 Cone_Blue
0.28068933104328764 1.784028991288796 0.0 0.23 0.23 0.33 0.0 Cone_Blue
1.8774442818306731 -34.57200676048332 0.0 0.23 0.23 0.33 0.0 Cone_Blue
-40.24893004009749 -46.87186132613408 0.0 0.23 0.23 0.33 0.0 Cone_Blue
-2.1914392297382044 -23.87897096803769 0.0 0.23 0.23 0.33 0.0 Cone_Blue
-23.750326658819 -18.5440167883856 0.0 0.23 0.23 0.33 0.0 Cone_Blue
12.894640484343523 -3.8171063224175867 0.0 0.23 0.23 0.33 0.0 Cone_Blue
-10.141122532615963 -50.157275414871165 0.0 0.23 0.23 0.33 0.0 Cone_Blue
-25.08367166799641 -20.1735552603242 0.0 0.23 0.23 0.33 0.0 Cone_Blue
0.18446022860817024 -30.084846168742416 0.0 0.23 0.23 0.33 0.0 Cone_Blue
-19.813606912981456 -13.089153360865819 0.0 0.23 0.23 0.33 0.0 Cone_Blue
9.752663112880114 -15.516720517201723 0.0 0.23 0.23 0.33 0.0 Cone_Blue
-38.05189974451628 -39.04773696069766 0.0 0.23 0.23 0.33 0.0 Cone_Blue
0.9166655571928253 -31.77476577856396 0.0 0.23 0.23 0.33 0.0 Cone_Blue
-36.19035365664981 -37.84963140034341 0.0 0.23 0.23 0.33 0.0 Cone_Blue
-3.4880690165592974 1.4075745433373896 0.0 0.23 0.23 0.33 0.0 Cone_Blue
-33.06074802171054 -37.061049053549226 0.0 0.23 0.23 0.33 0.0 Cone_Blue
-24.594741504725143 -27.037725008935627 0.0 0.23 0.23 0.33 0.0 Cone_Blue
-39.96978365050011 -43.72960061013383 0.0 0.23 0.23 0.33 0.0 Cone_Blue
-22.305456807825976 -37.99132579019714 0.0 0.23 0.23 0.33 0.0 Cone_Blue
-16.883039807739365 -30.260180811500383 0.0 0.23 0.23 0.33 0.0 Cone_Blue
-7.257137179563285 -48.78554502669502 0.0 0.23 0.23 0.33 0.0 Cone_Blue
-2.6933812824936645 -17.716861202784855 0.0 0.23 0.23 0.33 0.0 Cone_Blue
-25.599852729481775 -25.38517019995659 0.0 0.23 0.23 0.33 0.0 Cone_Blue
-8.148562047225683 0.17989621684870905 0.0 0.23 0.23 0.33 0.0 Cone_Blue
-24.124066028816173 -54.146268655793605 0.0 0.23 0.23 0.33 0.0 Cone_Blue
-22.888419183867512 -27.985736938409822 0.0 0.23 0.23 0.33 0.0 Cone_Blue
-2.707485177314954 -19.28861287805835 0.0 0.23 0.23 0.33 0.0 Cone_Blue
-5.762127539224778 1.0370788983784465 0.0 0.23 0.23 0.33 0.0 Cone_Blue
-1.4865797786548107 -45.141368982250484 0.0 0.23 0.23 0.33 0.0 Cone_Blue
-15.35691643785305 -7.211778407369515 0.0 0.23 0.23 0.33 0.0 Cone_Blue
-10.37291865177646 -0.8870568184754237 0.0 0.23 0.23 0.33 0.0 Cone_Blue
14.886036888431288 -6.096808672979691 0.0 0.23 0.23 0.33 0.0 Cone_Blue
2.2927116984322318 -37.71273957957217 0.0 0.23 0.23 0.33 0.0 Cone_Blue
-39.244369811195426 -40.66871508484934 0.0 0.23 0.23 0.33 0.0 Cone_Blue
-16.616436044319464 -9.048308180914802 0.0 0.23 0.23 0.33 0.0 Cone_Blue
0.39691678894504534 -42.862413141638825 0.0 0.23 0.23 0.33 0.0 Cone_Blue
-24.663285027818205 -37.64866008091142 0.0 0.23 0.23 0.33 0.0 Cone_Blue
-13.396938706850673 -4.580340741289227 0.0 0.23 0.23 0.33 0.0 Cone_Blue
1.5891612381207239 -15.8135657756056 0.0 0.23 0.23 0.33 0.0 Cone_Blue
-27.118580413499394 -37.051028036270154 0.0 0.23 0.23 0.33 0.0 Cone_Blue
-20.494096230957965 -28.377964368156768 0.0 0.23 0.23 0.33 0.0 Cone_Blue
-17.396594252914987 -36.92259756789237 0.0 0.23 0.23 0.33 0.0 Cone_Blue
-16.24966071219585 -35.457517390516834 0.0 0.23 0.23 0.33 0.0 Cone_Blue
-1.0718059791348011 -26.885711084511044 0.0 0.23 0.23 0.33 0.0 Cone_Blue
-16.450492442334003 -31.774287076216023 0.0 0.23 0.23 0.33 0.0 Cone_Blue
-4.244443230046386 -47.189352876195045 0.0 0.23 0.23 0.33 0.0 Cone_Blue
-12.011672811166626 -2.703169416341085 0.0 0.23 0.23 0.33 0.0 Cone_Blue
4.079722015076545 1.174286296831598 0.0 0.23 0.23 0.33 0.0 Cone_Blue
-37.280012744171955 -52.18950769057821 0.0 0.23 0.23 0.33 0.0 Cone_Blue
-17.942529777637464 -10.472298104455653 0.0 0.23 0.23 0.33 0.0 Cone_Blue
7.215967170054473 -15.75739014380863 0.0 0.23 0.23 0.33 0.0 Cone_Blue
-22.025432667413106 -16.147872816998582 0.0 0.23 0.23 0.33 0.0 Cone_Blue
-2.110192267344811 -16.716930104478415 0.0 0.23 0.23 0.33 0.0 Cone_Blue
-2.582118444277885 -22.09632821115563 0.0 0.23 0.23 0.33 0.0 Cone_Blue
1.5362937403940045 -40.732003764303734 0.0 0.23 0.23 0.33 0.0 Cone_Blue
-30.270917728075787 -36.966791961269834 0.0 0.23 0.23 0.33 0.0 Cone_Blue
-19.44483959729226 -37.621768276452954 0.0 0.23 0.23 0.33 0.0 Cone_Blue
-20.75794724108697 -53.63734379020627 0.0 0.23 0.23 0.33 0.0 Cone_Blue
15.963377485754283 -9.682862244381452 0.0 0.23 0.23 0.33 0.0 Cone_Blue
-0.9748219058370893 -16.003967065869773 0.0 0.23 0.23 0.33 0.0 Cone_Blue
14.471885809057067 -12.349606846948447 0.0 0.23 0.23 0.33 0.0 Cone_Blue
-14.294355022655308 -51.80536305830303 0.0 0.23 0.23 0.33 0.0 Cone_Blue
4.343820161400618 -15.881606892536864 0.0 0.23 0.23 0.33 0.0 Cone_Blue
-25.945105209686744 -22.842114612157644 0.0 0.23 0.23 0.33 0.0 Cone_Blue
-17.657694862913893 -53.04127938733414 0.0 0.23 0.23 0.33 0.0 Cone_Blue
-34.124874324470376 -53.57106075622582 0.0 0.23 0.23 0.33 0.0 Cone_Blue
