-7.192194432456879 -12.88860308663167 0.0 0.23 0.23 0.33 0.0 Cone_Yellow
-5.754786508514711 -14.92823632303563 0.0 0.23 0.23 0.33 0.0 Cone_Yellow
0.21051524266916033 26.974959666810427 0.0 0.23 0.23 0.33 0.0 Cone_Yellow
5.253115772988724 -2.5153778789752295 0.0 0.23 0.23 0.33 0.0 Cone_Yellow
4.099935239629909 -21.783607487219705 0.0 0.23 0.23 0.33 0.0 Cone_Yellow
6.878019635809812 22.176571113489253 0.0 0.23 0.23 0.33 0.0 Cone_Yellow
0.8944469060532647 -1.5957413058929504 0.0 0.23 0.23 0.33 0.0 Cone_Yellow
-9.05519283289184 9.51602123264522 0.0 0.23 0.23 0.33 0.0 Cone_Yellow
-10.234084004846174 5.300974410809024 0.0 0.23 0.23 0.33 0.0 Cone_Yellow
-16.830475379267632 -31.44549080715914 0.0 0.23 0.23 0.33 0.0 Cone_Yellow
-13.895825800328918 -7.179103212212436 0.0 0.23 0.23 0.33 0.0 Cone_Yellow
5.219590977776282 18.322218299588144 0.0 0.23 0.23 0.33 0.0 Cone_Yellow
-6.958286936514576 11.60495568347733 0.0 0.23 0.23 0.33 0.0 Cone_Yellow
3.6922468928428986 -23.839170880873617 0.0 0.23 0.23 0.33 0.0 Cone_Yellow
-15.859873401282012 -32.93599037485765 0.0 0.23 0.23 0.33 0.0 Cone_Yellow
-7.416070990699203 -21.853681797769738 0.0 0.23 0.23 0.33 0.0 Cone_Yellow
-3.5066279177634785 -2.1762172984156276 0.0 0.23 0.23 0.33 0.0 Cone_Yellow
5.45047010768034 -4.404566523551098 0.0 0.23 0.23 0.33 0.0 Cone_Yellow
3.0968612419503 -25.549264517950654 0.0 0.23 0.23 0.33 0.0 Cone_Yellow
6.16254903254538 24.20582273307911 0.0 0.23 0.23 0.33 0.0 Cone_Yellow
6.685562684939825 19.84238290559454 0.0 0.23 0.23 0.33 0.0 Cone_Yellow
4.8764279492637925 -11.330088773461846 0.0 0.23 0.23 0.33 0.0 Cone_Yellow
4.405349327929202 26.59284427569022 0.0 0.23 0.23 0.33 0.0 Cone_Yellow
-21.280238240219255 -0.2240305006648704 0.0 0.23 0.23 0.33 0.0 Cone_Yellow
-0.4688118273667392 -30.63961685391201 0.0 0.23 0.23 0.33 0.0 Cone_Yellow
4.345681863262927 -19.001819554596754 0.0 0.23 0.23 0.33 0.0 Cone_Yellow
2.870865100467509 16.597390448417123 0.0 0.23 0.23 0.33 0.0 Cone_Yellow
-5.410834045094988 -1.2282110574880285 0.0 0.23 0.23 0.33 0.0 Cone_Yellow
-1.3568596942480884 -2.1882398576022712 0.0 0.23 0.23 0.33 0.0 Cone_Yellow
-15.783456176998513 -28.322261806733017 0.0 0.23 0.23 0.33 0.0 Cone_Yellow
-16.28558113412517 -5.317584828459165 0.0 0.23 0.23 0.33 0.0 Cone_Yellow
-7.763664885254678 23.022133998871645 0.0 0.23 0.23 0.33 0.0 Cone_Yellow
2.496841567041343 27.219366233521043 0.0 0.23 0.23 0.33 0.0 Cone_Yellow
-20.210321088177693 7.693835758025353 0.0 0.23 0.23 0.33 0.0 Cone_Yellow
4.685967444003438 -14.807030050259318 0.0 0.23 0.23 0.33 0.0 Cone_Yellow
-5.129157754770694 -16.99923408647212 0.0 0.23 0.23 0.33 0.0 Cone_Yellow
-2.185918392791611 -31.81022622808088 0.0 0.23 0.23 0.33 0.0 Cone_Yellow
-18.56535727498991 10.220858597918378 0.0 0.23 0.23 0.33 0.0 Cone_Yellow
-5.528489561336319 24.888520367206034 0.0 0.23 0.23 0.33 0.0 Cone_Yellow
0.05032834729092972 15.254688353273236 0.0 0.23 0.23 0.33 0.0 Cone_Yellow
-9.24465890273709 3.067738123075257 0.0 0.23 0.23 0.33 0.0 Cone_Yellow
-7.470272805351256 0.7833104978339183 0.0 0.23 0.23 0.33 0.0 Cone_Yellow
-16.8775155287515 12.399678402712313 0.0 0.23 0.23 0.33 0.0 Cone_Yellow
-13.258143470273787 -33.51672472256034 0.0 0.23 0.23 0.33 0.0 Cone_Yellow
4.549608230218402 -16.625289412947847 0.0 0.23 0.23 0.33 0.0 Cone_Yellow
-8.593395985821381 -11.298369628791361 0.0 0.23 0.23 0.33 0.0 Cone_Yellow
-18.458016332355754 -4.064401227883024 0.0 0.23 0.23 0.33 0.0 Cone_Yellow
-9.815809536283084 20.926054390800893 0.0 0.23 0.23 0.33 0.0 Cone_Yellow
-10.170936364640191 7.459207254586103 0.0 0.23 0.23 0.33 0.0 Cone_Yellow
-13.346505642487429 -26.049600996206483 0.0 0.23 0.23 0.33 0.0 Cone_Yellow
4.231652215702816 -1.4281069741268606 0.0 0.23 0.23 0.33 0.0 Cone_Yellow
-21.47824394153691 2.1270548986185727 0.0 0.23 0.23 0.33 0.0 Cone_Yellow
1.0045312660093195 -29.250038952171792 0.0 0.23 0.23 0.33 0.0 Cone_Yellow
5.360849364573869 -7.203803472573135 0.0 0.23 0.23 0.33 0.0 Cone_Yellow
-16.96607310048794 -29.81278026399758 0.0 0.23 0.23 0.33 0.0 Cone_Yellow
-1.9868061260784105 14.446120238971323 0.0 0.23 0.23 0.33 0.0 Cone_Yellow
-10.361846569183026 -33.759911355169905 0.0 0.23 0.23 0.33 0.0 Cone_Yellow
-5.52932508169027 -19.504828863346255 0.0 0.23 0.23 0.33 0.0 Cone_Yellow
-21.28444011025555 5.028893114025282 0.0 0.23 0.23 0.33 0.0 Cone_Yellow
-7.291126271937462 -33.22383912854956 0.0 0.23 0.23 0.33 0.0 Cone_Yellow
2.223467408020448 -27.480569889816756 0.0 0.23 0.23 0.33 0.0 Cone_Yellow
-11.87006958768783 18.201884676335396 0.0 0.23 0.23 0.33 0.0 Cone_Yellow
-14.209730308465236 15.361251535873164 0.0 0.23 0.23 0.33 0.0 Cone_Yellow
-20.12360649410273 -2.211525276805535 0.0 0.23 0.23 0.33 0.0 Cone_Yellow
-2.612577269934321 26.258528394627966 0.0 0.23 0.23 0.33 0.0 Cone_Yellow
-4.379002562177862 13.372105451037937 0.0 0.23 0.23 0.33 0.0 Cone_Yellow
-4.804180505409101 -33.03702248496197 0.0 0.23 0.23 0.33 0.0 Cone_Yellow
2.7936472258481997 -1.0147231497453024 0.0 0.23 0.23 0.33 0.0 Cone_Yellow
-11.322648800786315 -8.957715533783688 0.0 0.23 0.23 0.33 0.0 Cone_Yellow
-10.20907820377069 -24.00790063954645 0.0 0.23 0.23 0.33 0.0 Cone_Yellow
5.651325448629091 29.793915744521293 0.0 0.23 0.23 0.33 0.0 Cone_Blue
-6.060220927541738 4.234353783920232 0.0 0.23 0.23 0.33 0.0 Cone_Blue
-7.6557739793538095 -36.800676484923834 0.0 0.23 0.23 0.33 0.0 Cone_Blue
-1.4552459453977526 1.1156149045871562 0.0 0.23 0.23 0.33 0.0 Cone_Blue
-11.018135663465799 -36.7359149855872 0.0 0.23 0.23 0.33 0.0 Cone_Blue
-19.71199022181657 -27.554082004938927 0.0 0.23 0.23 0.33 0.0 Cone_Blue
-7.1441740478106235 27.40821302864431 0.0 0.23 0.23 0.33 0.0 Cone_Blue
-4.092347643391849 29.033001237539587 0.0 0.23 0.23 0.33 0.0 Cone_Blue
-1.0809014145024474 -34.967379308333705 0.0 0.23 0.23 0.33 0.0 Cone_Blue
-21.585721900527528 -4.9030599447944265 0.0 0.23 0.23 0.33 0.0 Cone_Blue
7.746853744637953 27.739210838164496 0.0 0.23 0.23 0.33 0.0 Cone_Blue
-12.49522400930817 -11.849978368021873 0.0 0.23 0.23 0.33 0.0 Cone_Blue
8.64113368795454 -5.03075945584954 0.0 0.23 0.23 0.33 0.0 Cone_Blue
-14.753601022984746 -36.84933730906089 0.0 0.23 0.23 0.33 0.0 Cone_Blue
-19.577286180990477 14.675314177263056 0.0 0.23 0.23 0.33 0.0 Cone_Blue
8.91635255311458 -2.943306672841909 0.0 0.23 0.23 0.33 0.0 Cone_Blue
-17.78333051484133 -7.825836865908612 0.0 0.23 0.23 0.33 0.0 Cone_Blue
8.167522868684847 -11.741123839549639 0.0 0.23 0.23 0.33 0.0 Cone_Blue
-18.24447259231195 -25.249043787082854 0.0 0.23 0.23 0.33 0.0 Cone_Blue
9.999913029863517 19.931036399617646 0.0 0.23 0.23 0.33 0.0 Cone_Blue
-19.295780327812754 -6.774909421167597 0.0 0.23 0.23 0.33 0.0 Cone_Blue
9.048464082675107 17.932147790440844 0.0 0.23 0.23 0.33 0.0 Cone_Blue
1.9245518104099455 -32.66249138332081 0.0 0.23 0.23 0.33 0.0 Cone_Blue
6.80339061847849 15.613540732684113 0.0 0.23 0.23 0.33 0.0 Cone_Blue
4.885606301273905 2.6342343351275623 0.0 0.23 0.23 0.33 0.0 Cone_Blue
9.164478705849126 24.921043954622164 0.0 0.23 0.23 0.33 0.0 Cone_Blue
-2.829333695034509 10.739904902827087 0.0 0.23 0.23 0.33 0.0 Cone_Blue
-3.367056728637137 1.3120704354857367 0.0 0.23 0.23 0.33 0.0 Cone_Blue
-21.3064406993317 11.99034854877385 0.0 0.23 0.23 0.33 0.0 Cone_Blue
-8.823167339804584 -16.823864414093194 0.0 0.23 0.23 0.33 0.0 Cone_Blue
6.610367231971457 1.758799755760931 0.0 0.23 0.23 0.33 0.0 Cone_Blue
5.239734294391625 -29.16435552830874 0.0 0.23 0.23 0.33 0.0 Cone_Blue
-9.791631479860037 25.43057976972038 0.0 0.23 0.23 0.33 0.0 Cone_Blue
2.935823225419186 2.541452665640147 0.0 0.23 0.23 0.33 0.0 Cone_Blue
-9.638965077825567 -15.480333134511653 0.0 0.23 0.23 0.33 0.0 Cone_Blue
3.6625397598510165 -31.149875412547438 0.0 0.23 0.23 0.33 0.0 Cone_Blue
-24.29257313390396 5.853381476735867 0.0 0.23 0.23 0.33 0.0 Cone_Blue
7.4744212701623916 -19.084504294708662 0.0 0.23 0.23 0.33 0.0 Cone_Blue
6.5686720548049395 -27.08587639376259 0.0 0.23 0.23 0.33 0.0 Cone_Blue
-17.647072945821485 -35.9602238870907 0.0 0.23 0.23 0.33 0.0 Cone_Blue
-23.592844415868008 -2.451915543375776 0.0 0.23 0.23 0.33 0.0 Cone_Blue
10.159886385338435 21.93701831988566 0.0 0.23 0.23 0.33 0.0 Cone_Blue
7.577868036357902 -16.859975127726287 0.0 0.23 0.23 0.33 0.0 Cone_Blue
-24.693435243611177 2.924130956104431 0.0 0.23 0.23 0.33 0.0 Cone_Blue
-0.6445380680471091 11.690400442852782 0.0 0.23 0.23 0.33 0.0 Cone_Blue
7.194184556502277 -22.353669980446888 0.0 0.23 0.23 0.33 0.0 Cone_Blue
-11.461240313499903 -20.69727052621855 0.0 0.23 0.23 0.33 0.0 Cone_Blue
1.757393661805061 12.475488626981674 0.0 0.23 0.23 0.33 0.0 Cone_Blue
0.6939019823641406 1.6138676833264434 0.0 0.23 0.23 0.33 0.0 Cone_Blue
-6.439361845129265 7.2460805867400016 0.0 0.23 0.23 0.33 0.0 Cone_Blue
-6.6427318809685785 5.396605768990922 0.0 0.23 0.23 0.33 0.0 Cone_Blue
-15.030539409067714 -9.883702556339028 0.0 0.23 0.23 0.33 0.0 Cone_Blue
-4.53218068795199 2.371363201250116 0.0 0.23 0.23 0.33 0.0 Cone_Blue
-23.026790664087468 9.046787743636942 0.0 0.23 0.23 0.33 0.0 Cone_Blue
7.005248793181398 -24.67897362992823 0.0 0.23 0.23 0.33 0.0 Cone_Blue
-4.631485845623257 -36.44987237249266 0.0 0.23 0.23 0.33 0.0 Cone_Blue
2.422438253605211 30.695971302960764 0.0 0.23 0.23 0.33 0.0 Cone_Blue
7.955178078414921 -14.951072557123457 0.0 0.23 0.23 0.33 0.0 Cone_Blue
-16.214848872964122 -23.70846735815117 0.0 0.23 0.23 0.33 0.0 Cone_Blue
8.436814226756583 -7.976097937412954 0.0 0.23 0.23 0.33 0.0 Cone_Blue
-8.792291405483795 -17.98102399921118 0.0 0.23 0.23 0.33 0.0 Cone_Blue
-11.224262170180221 -13.159597186922213 0.0 0.23 0.23 0.33 0.0 Cone_Blue
-24.539975823314716 0.5130577181349416 0.0 0.23 0.23 0.33 0.0 Cone_Blue
4.481473886906237 14.06410852752897 0.0 0.23 0.23 0.33 0.0 Cone_Blue
-5.066433274485743 8.919166301933041 0.0 0.23 0.23 0.33 0.0 Cone_Blue
-12.38504421950568 23.225138640657924 0.0 0.23 0.23 0.33 0.0 Cone_Blue
-20.45154081115568 -33.47921542843695 0.0 0.23 0.23 0.33 0.0 Cone_Blue
-9.38194589975609 -19.18505461742516 0.0 0.23 0.23 0.33 0.0 Cone_Blue
-20.58814625809034 -30.4267716289797 0.0 0.23 0.23 0.33 0.0 Cone_Blue
-16.914727053718167 18.263672003697053 0.0 0.23 0.23 0.33 0.0 Cone_Blue
-13.838735657788185 -22.09021390808529 0.0 0.23 0.23 0.33 0.0 Cone_Blue
8.24319609779621 -0.22114996396747522 0.0 0.23 0.23 0.33 0.0 Cone_Blue
-14.706557801937642 21.08564518020448 0.0 0.23 0.23 0.33 0.0 Cone_Blue
-0.9872749623658965 30.20868996173244 0.0 0.23 0.23 0.33 0.0 Cone_Blue
