16.788921127916215 -2.280813101744471 0.0 0.23 0.23 0.33 0.0 Cone_Yellow
19.023396469322595 -1.1702433256825255 0.0 0.23 0.23 0.33 0.0 Cone_Yellow
-21.48556476933862 11.09705949567033 0.0 0.23 0.23 0.33 0.0 Cone_Yellow
8.428609971124018 11.59703776501957 0.0 0.23 0.23 0.33 0.0 Cone_Yellow
27.29746499906089 7.527540558576463 0.0 0.23 0.23 0.33 0.0 Cone_Yellow
-15.729176896293769 16.957447383537115 0.0 0.23 0.23 0.33 0.0 Cone_Yellow
6.8569326649111435 7.42887795962842 0.0 0.23 0.23 0.33 0.0 Cone_Yellow
-5.638469893343331 -0.7155380755961733 0.0 0.23 0.23 0.33 0.0 Cone_Yellow
-1.6516817564391424 -2.5216179345789786 0.0 0.23 0.23 0.33 0.0 Cone_Yellow
33.664549778525426 -14.628594243660453 0.0 0.23 0.23 0.33 0.0 Cone_Yellow
10.126522447056388 -8.038373882977128 0.0 0.23 0.23 0.33 0.0 Cone_Yellow
-12.17180237337437 14.732249025750033 0.0 0.23 0.23 0.33 0.0 Cone_Yellow
-7.384282538396999 1.674608297851627 0.0 0.23 0.23 0.33 0.0 Cone_Yellow
29.26713929458399 6.812045049861366 0.0 0.23 0.23 0.33 0.0 Cone_Yellow
35.285298680428546 -13.895907299625781 0.0 0.23 0.23 0.33 0.0 Cone_Yellow
25.615721458886433 -3.865222432509567 0.0 0.23 0.23 0.33 0.0 Cone_Yellow
6.761478128322338 2.99071387814457 0.0 0.23 0.23 0.33 0.0 Cone_Yellow
10.325840419385182 11.504847231846558 0.0 0.23 0.23 0.33 0.0 Cone_Yellow
30.866821369515005 5.963563123121264 0.0 0.23 0.23 0.33 0.0 Cone_Yellow
-17.84362111436685 16.55884235546932 0.0 0.23 0.23 0.33 0.0 Cone_Yellow
-13.451391563118598 16.41231598306105 0.0 0.23 0.23 0.33 0.0 Cone_Yellow
17.083555952494763 9.884457276552508 0.0 0.23 0.23 0.33 0.0 Cone_Yellow
-20.470069819035157 15.185019277872028 0.0 0.23 0.23 0.33 0.0 Cone_Yellow
2.1295209283371612 -14.27941147418928 0.0 0.23 0.23 0.33 0.0 Cone_Yellow
35.355828722377744 1.6653629966236299 0.0 0.23 0.23 0.33 0.0 Cone_Yellow
24.585386906100197 8.193399344503625 0.0 0.23 0.23 0.33 0.0 Cone_Yellow
-10.824151920658576 12.148572842438739 0.0 0.23 0.23 0.33 0.0 Cone_Yellow
5.5349608652400875 1.2527920699018136 0.0 0.23 0.23 0.33 0.0 Cone_Yellow
7.100232101712967 5.113658461094858 0.0 0.23 0.23 0.33 0.0 Cone_Yellow
30.73683369637022 -13.118863426159274 0.0 0.23 0.23 0.33 0.0 Cone_Yellow
7.923287039594568 -10.117300285658471 0.0 0.23 0.23 0.33 0.0 Cone_Yellow
-18.791169255572267 2.614570928682051 0.0 0.23 0.23 0.33 0.0 Cone_Yellow
-21.379494797111466 13.393964324425802 0.0 0.23 0.23 0.33 0.0 Cone_Yellow
-5.533602960083055 -12.018026705190143 0.0 0.23 0.23 0.33 0.0 Cone_Yellow
20.491110984360798 9.167544066207956 0.0 0.23 0.23 0.33 0.0 Cone_Yellow
21.16544103468523 -0.8667830256915341 0.0 0.23 0.23 0.33 0.0 Cone_Yellow
36.25174206965118 -0.20976914221206933 0.0 0.23 0.23 0.33 0.0 Cone_Yellow
-7.781127858925334 -10.007956505141829 0.0 0.23 0.23 0.33 0.0 Cone_Yellow
-20.29599761321462 5.1075407276554285 0.0 0.23 0.23 0.33 0.0 Cone_Yellow
-9.925922813194745 9.156673619064328 0.0 0.23 0.23 0.33 0.0 Cone_Yellow
0.7060300221799807 -1.8832594784627243 0.0 0.23 0.23 0.33 0.0 Cone_Yellow
3.2336908639967508 -0.4768504816527539 0.0 0.23 0.23 0.33 0.0 Cone_Yellow
-9.67797875301752 -8.008451019355627 0.0 0.23 0.23 0.33 0.0 Cone_Yellow
36.254872516791345 -11.412728370843878 0.0 0.23 0.23 0.33 0.0 Cone_Yellow
22.26749587305905 8.756304874990654 0.0 0.23 0.23 0.33 0.0 Cone_Yellow
15.004125500096503 -3.4239284985883245 0.0 0.23 0.23 0.33 0.0 Cone_Yellow
6.354356652687066 -12.073930365234682 0.0 0.23 0.23 0.33 0.0 Cone_Yellow
-17.031488605532335 0.2675789384976799 0.0 0.23 0.23 0.33 0.0 Cone_Yellow
-3.7752189970373777 -2.1310462763469626 0.0 0.23 0.23 0.33 0.0 Cone_Yellow
28.861134520456243 -10.364690652197437 0.0 0.23 0.23 0.33 0.0 Cone_Yellow
7.198667865274032 10.752769895412847 0.0 0.23 0.23 0.33 0.0 Cone_Yellow
-0.22433478491584324 -14.11763355955239 0.0 0.23 0.23 0.33 0.0 Cone_Yellow
34.20642870507308 3.332859987932377 0.0 0.23 0.23 0.33 0.0 Cone_Yellow
13.078903510322798 10.990645917493719 0.0 0.23 0.23 0.33 0.0 Cone_Yellow
32.03020539235957 -14.514362517948141 0.0 0.23 0.23 0.33 0.0 Cone_Yellow
-9.436501314205827 7.020282771306606 0.0 0.23 0.23 0.33 0.0 Cone_Yellow
36.93561210940602 -8.5870834737284 0.0 0.23 0.23 0.33 0.0 Cone_Yellow
23.58105771122836 -1.6432720130182172 0.0 0.23 0.23 0.33 0.0 Cone_Yellow
-3.062965197486985 -13.484860034315803 0.0 0.23 0.23 0.33 0.0 Cone_Yellow
36.872674371904566 -5.470557295871428 0.0 0.23 0.23 0.33 0.0 Cone_Yellow
32.64287211590184 4.806670312700044 0.0 0.23 0.23 0.33 0.0 Cone_Yellow
-14.651342374670367 -2.177004648071213 0.0 0.23 0.23 0.33 0.0 Cone_Yellow
-12.199481883745353 -4.92137872244262 0.0 0.23 0.23 0.33 0.0 Cone_Yellow
4.269772149831766 -13.438425629955363 0.0 0.23 0.23 0.33 0.0 Cone_Yellow
-21.206713359845654 8.197858399867794 0.0 0.23 0.23 0.33 0.0 Cone_Yellow
-8.738706519264518 4.492597273120698 0.0 0.23 0.23 0.33 0.0 Cone_Yellow
37.06616874981371 -2.9841221711009815 0.0 0.23 0.23 0.33 0.0 Cone_Yellow
6.571442552795602 9.394339571659204 0.0 0.23 0.23 0.33 0.0 Cone_Yellow
12.275704925335782 -5.76555265453065 0.0 0.23 0.23 0.33 0.0 Cone_Yellow
27.320217562208814 -6.953302927622021 0.0 0.23 0.23 0.33 0.0 Cone_Yellow
-23.444471984079396 16.903229626606667 0.0 0.23 0.23 0.33 0.0 Cone_Blue
0.03717097262955704 1.4415359874012328 0.0 0.23 0.23 0.33 0.0 Cone_Blue
40.35247890100211 -6.374821562416743 0.0 0.23 0.23 0.33 0.0 Cone_Blue
3.8198320791492755 5.518765651874246 0.0 0.23 0.23 0.33 0.0 Cone_Blue
39.77722494972785 -9.688241704524307 0.0 0.23 0.23 0.33 0.0 Cone_Blue
29.380253943491468 -16.884918566921066 0.0 0.23 0.23 0.33 0.0 Cone_Blue
-23.032057534114895 3.893760031984744 0.0 0.23 0.23 0.33 0.0 Cone_Blue
-24.173925427997286 7.157150728697801 0.0 0.23 0.23 0.33 0.0 Cone_Blue
39.54020383594926 0.4023560950171987 0.0 0.23 0.23 0.33 0.0 Cone_Blue
6.707698088149289 -15.292787366502319 0.0 0.23 0.23 0.33 0.0 Cone_Blue
-21.09503333369452 18.661976089192496 0.0 0.23 0.23 0.33 0.0 Cone_Blue
14.956049583930735 -7.364261331274809 0.0 0.23 0.23 0.33 0.0 Cone_Blue
11.42989135981803 14.563200251345457 0.0 0.23 0.23 0.33 0.0 Cone_Blue
39.32135282580787 -13.397520162966176 0.0 0.23 0.23 0.33 0.0 Cone_Blue
-12.337654234878954 -10.330821808934926 0.0 0.23 0.23 0.33 0.0 Cone_Blue
9.408556537161942 15.152615283172919 0.0 0.23 0.23 0.33 0.0 Cone_Blue
10.174643268508243 -11.979013642041926 0.0 0.23 0.23 0.33 0.0 Cone_Blue
17.990221229134757 13.074788555640652 0.0 0.23 0.23 0.33 0.0 Cone_Blue
27.325152019483227 -15.083984014911591 0.0 0.23 0.23 0.33 0.0 Cone_Blue
-13.035068930965299 19.701609694004972 0.0 0.23 0.23 0.33 0.0 Cone_Blue
8.90596783403919 -13.314085015730209 0.0 0.23 0.23 0.33 0.0 Cone_Blue
-11.204088987393504 18.457293328589593 0.0 0.23 0.23 0.33 0.0 Cone_Blue
37.71909280883055 3.7233216264422406 0.0 0.23 0.23 0.33 0.0 Cone_Blue
-9.253802972598375 15.885780542618335 0.0 0.23 0.23 0.33 0.0 Cone_Blue
3.282993289378471 12.016797377153317 0.0 0.23 0.23 0.33 0.0 Cone_Blue
-18.09408444022473 19.634617262969428 0.0 0.23 0.23 0.33 0.0 Cone_Blue
-5.901484496940089 5.6240231521919375 0.0 0.23 0.23 0.33 0.0 Cone_Blue
3.3349708704773633 3.659054691844103 0.0 0.23 0.23 0.33 0.0 Cone_Blue
-9.94682412278095 -12.44811894196886 0.0 0.23 0.23 0.33 0.0 Cone_Blue
20.43043806467748 -4.491177039922375 0.0 0.23 0.23 0.33 0.0 Cone_Blue
4.410498136460349 13.588394905345057 0.0 0.23 0.23 0.33 0.0 Cone_Blue
34.76570207202028 7.531847918585082 0.0 0.23 0.23 0.33 0.0 Cone_Blue
-21.479963058937624 0.9763867440011982 0.0 0.23 0.23 0.33 0.0 Cone_Blue
3.078232616586968 10.075577258784374 0.0 0.23 0.23 0.33 0.0 Cone_Blue
18.978486541361306 -5.09320612768642 0.0 0.23 0.23 0.33 0.0 Cone_Blue
36.48832442138613 5.671094293851998 0.0 0.23 0.23 0.33 0.0 Cone_Blue
-4.335252281831114 -16.332654079400598 0.0 0.23 0.23 0.33 0.0 Cone_Blue
25.142833550006394 11.273188344050624 0.0 0.23 0.23 0.33 0.0 Cone_Blue
32.91345400033627 9.16136568919665 0.0 0.23 0.23 0.33 0.0 Cone_Blue
38.00262624965302 -16.122160077287873 0.0 0.23 0.23 0.33 0.0 Cone_Blue
3.9798714483890407 -16.903877522765157 0.0 0.23 0.23 0.33 0.0 Cone_Blue
-14.993403185616632 20.16473158504799 0.0 0.23 0.23 0.33 0.0 Cone_Blue
22.95989828391147 11.71367088880208 0.0 0.23 0.23 0.33 0.0 Cone_Blue
-1.501011399722337 -17.174246418839196 0.0 0.23 0.23 0.33 0.0 Cone_Blue
-6.5087314083836425 7.9279382747288505 0.0 0.23 0.23 0.33 0.0 Cone_Blue
28.33137839448687 10.49913494070674 0.0 0.23 0.23 0.33 0.0 Cone_Blue
23.857689914021556 -7.687526314510384 0.0 0.23 0.23 0.33 0.0 Cone_Blue
-6.919478737618729 10.421314725098044 0.0 0.23 0.23 0.33 0.0 Cone_Blue
3.654149432306072 7.718684265700606 0.0 0.23 0.23 0.33 0.0 Cone_Blue
-2.9971863069092066 1.5247349676968192 0.0 0.23 0.23 0.33 0.0 Cone_Blue
-1.200137871602653 1.0425178027933537 0.0 0.23 0.23 0.33 0.0 Cone_Blue
12.6271424393832 -9.5711270399083 0.0 0.23 0.23 0.33 0.0 Cone_Blue
2.1108381049568212 2.668542714859825 0.0 0.23 0.23 0.33 0.0 Cone_Blue
-7.299066823529504 -14.596033162563836 0.0 0.23 0.23 0.33 0.0 Cone_Blue
30.600917865925368 9.958834679245058 0.0 0.23 0.23 0.33 0.0 Cone_Blue
40.46559515516953 -3.3323576013869385 0.0 0.23 0.23 0.33 0.0 Cone_Blue
-24.826989944218706 13.849042199713391 0.0 0.23 0.23 0.33 0.0 Cone_Blue
21.130560561923488 12.376841598953671 0.0 0.23 0.23 0.33 0.0 Cone_Blue
26.111091349025507 -12.843715088205032 0.0 0.23 0.23 0.33 0.0 Cone_Blue
14.309917359304341 13.913419168606536 0.0 0.23 0.23 0.33 0.0 Cone_Blue
21.578837885335794 -4.636605650115003 0.0 0.23 0.23 0.33 0.0 Cone_Blue
16.443690428766235 -6.3072040177319035 0.0 0.23 0.23 0.33 0.0 Cone_Blue
0.90536142618868 -17.389173790868497 0.0 0.23 0.23 0.33 0.0 Cone_Blue
-8.0754325019754 13.35527061363349 0.0 0.23 0.23 0.33 0.0 Cone_Blue
-4.442065736707647 3.136092191845954 0.0 0.23 0.23 0.33 0.0 Cone_Blue
-19.694491994486686 -1.9222083104907313 0.0 0.23 0.23 0.33 0.0 Cone_Blue
35.124046817039556 -18.516783937049226 0.0 0.23 0.23 0.33 0.0 Cone_Blue
22.67921241716251 -5.402476423757259 0.0 0.23 0.23 0.33 0.0 Cone_Blue
32.08632336145823 -18.187678476158197 0.0 0.23 0.23 0.33 0.0 Cone_Blue
-15.479448981966495 -7.153612536015634 0.0 0.23 0.23 0.33 0.0 Cone_Blue
24.872940375167758 -10.249174588247675 0.0 0.23 0.23 0.33 0.0 Cone_Blue
6.615697566872349 14.901188289634346 0.0 0.23 0.23 0.33 0.0 Cone_Blue
-17.93285968384924 -4.5420383017033945 0.0 0.23 0.23 0.33 0.0 Cone_Blue
-24.86381950126287 10.404883245134606 0.0 0.23 0.23 0.33 0.0 Cone_Blue
