4.249537028203245 0.4693284535900446 0.0 0.23 0.23 0.33 0.0 Cone_Yellow
2.5891648511229333 -1.393306645519015 0.0 0.23 0.23 0.33 0.0 Cone_Yellow
44.75313871533276 2.3029031867766836 0.0 0.23 0.23 0.33 0.0 Cone_Yellow
17.175606791477055 -9.298284755045223 0.0 0.23 0.23 0.33 0.0 Cone_Yellow
-1.8518738639839167 -12.546280673239297 0.0 0.23 0.23 0.33 0.0 Cone_Yellow
41.59241467219471 -5.27931094000203 0.0 0.23 0.23 0.33 0.0 Cone_Yellow
17.082477265241007 -4.844628660387038 0.0 0.23 0.23 0.33 0.0 Cone_Yellow
25.647403461380772 7.366376085428714 0.0 0.23 0.23 0.33 0.0 Cone_Yellow
21.274811517353776 7.55832346523251 0.0 0.23 0.23 0.33 0.0 Cone_Yellow
-16.010042496823974 5.6465843822665835 0.0 0.23 0.23 0.33 0.0 Cone_Yellow
8.289422591207188 8.29341862243035 0.0 0.23 0.23 0.33 0.0 Cone_Yellow
37.46232694769172 -4.538502857079049 0.0 0.23 0.23 0.33 0.0 Cone_Yellow
28.157571348693914 5.798027063164591 0.0 0.23 0.23 0.33 0.0 Cone_Yellow
-3.9463318047971523 -12.615538074289987 0.0 0.23 0.23 0.33 0.0 Cone_Yellow
-17.24149550370443 4.363159022993932 0.0 0.23 0.23 0.33 0.0 Cone_Yellow
-4.532594910616936 -1.346412612582652 0.0 0.23 0.23 0.33 0.0 Cone_Yellow
15.518725557844014 -0.6899815537916094 0.0 0.23 0.23 0.33 0.0 Cone_Yellow
15.380443421789037 -9.91906728085144 0.0 0.23 0.23 0.33 0.0 Cone_Yellow
-5.746907195593742 -12.423619907047042 0.0 0.23 0.23 0.33 0.0 Cone_Yellow
43.406451622265195 -4.122146187893398 0.0 0.23 0.23 0.33 0.0 Cone_Yellow
39.27542263562032 -5.621395973676101 0.0 0.23 0.23 0.33 0.0 Cone_Yellow
8.505256197094058 -10.931086776236441 0.0 0.23 0.23 0.33 0.0 Cone_Yellow
45.33260847092675 -1.869249731962304 0.0 0.23 0.23 0.33 0.0 Cone_Yellow
13.387967652713051 17.063106288539956 0.0 0.23 0.23 0.33 0.0 Cone_Yellow
-11.513439485734896 -10.105686196122715 0.0 0.23 0.23 0.33 0.0 Cone_Yellow
0.9131373048551037 -12.15455533411867 0.0 0.23 0.23 0.33 0.0 Cone_Yellow
35.24964595397164 -2.642299496955184 0.0 0.23 0.23 0.33 0.0 Cone_Yellow
16.010035351784026 1.3796395454879598 0.0 0.23 0.23 0.33 0.0 Cone_Yellow
15.994704001824289 -2.786429139025266 0.0 0.23 0.23 0.33 0.0 Cone_Yellow
-12.73071880233871 5.335385561879155 0.0 0.23 0.23 0.33 0.0 Cone_Yellow
9.56027805893536 11.043165452341137 0.0 0.23 0.23 0.33 0.0 Cone_Yellow
39.09438015072868 9.172461468151917 0.0 0.23 0.23 0.33 0.0 Cone_Yellow
45.50983975988496 0.13163025125197336 0.0 0.23 0.23 0.33 0.0 Cone_Yellow
21.342118986878624 17.817298144721057 0.0 0.23 0.23 0.33 0.0 Cone_Yellow
5.075757466663439 -11.534356454188881 0.0 0.23 0.23 0.33 0.0 Cone_Yellow
0.7140889969409425 -2.472442232335572 0.0 0.23 0.23 0.33 0.0 Cone_Yellow
-13.043064845473634 -8.698907065355778 0.0 0.23 0.23 0.33 0.0 Cone_Yellow
24.17642785415673 16.788491250835243 0.0 0.23 0.23 0.33 0.0 Cone_Yellow
41.41916938572242 7.4189615915008975 0.0 0.23 0.23 0.33 0.0 Cone_Yellow
33.30209499354889 -0.1998986803650613 0.0 0.23 0.23 0.33 0.0 Cone_Yellow
19.324256306096142 6.088071542135603 0.0 0.23 0.23 0.33 0.0 Cone_Yellow
17.50191741525847 3.8417108042970813 0.0 0.23 0.23 0.33 0.0 Cone_Yellow
26.681339028617977 15.638932417992569 0.0 0.23 0.23 0.33 0.0 Cone_Yellow
-17.216871418379803 1.6975175109132756 0.0 0.23 0.23 0.33 0.0 Cone_Yellow
3.2739692551190416 -11.814035173308174 0.0 0.23 0.23 0.33 0.0 Cone_Yellow
5.480439652950327 2.194752161546031 0.0 0.23 0.23 0.33 0.0 Cone_Yellow
10.287959391082584 13.443253722823831 0.0 0.23 0.23 0.33 0.0 Cone_Yellow
36.58740774384468 10.69559532413333 0.0 0.23 0.23 0.33 0.0 Cone_Yellow
23.391101061223523 7.9864299927805735 0.0 0.23 0.23 0.33 0.0 Cone_Yellow
-9.964473482030701 3.477536834121416 0.0 0.23 0.23 0.33 0.0 Cone_Yellow
18.002805727997227 -8.056798654110999 0.0 0.23 0.23 0.33 0.0 Cone_Yellow
15.632837595556737 17.78930719200612 0.0 0.23 0.23 0.33 0.0 Cone_Yellow
-9.82585364761918 -11.225382875940493 0.0 0.23 0.23 0.33 0.0 Cone_Yellow
12.633856234881623 -10.466806451516801 0.0 0.23 0.23 0.33 0.0 Cone_Yellow
-14.450660567966569 6.149036827483064 0.0 0.23 0.23 0.33 0.0 Cone_Yellow
32.05247166536451 1.6006958869134564 0.0 0.23 0.23 0.33 0.0 Cone_Yellow
-16.79667579901759 -1.1784364384775579 0.0 0.23 0.23 0.33 0.0 Cone_Yellow
-1.8169610742645297 -2.6511168317716987 0.0 0.23 0.23 0.33 0.0 Cone_Yellow
18.5029856093098 18.258855200801257 0.0 0.23 0.23 0.33 0.0 Cone_Yellow
-15.577968920103146 -4.0474868248173 0.0 0.23 0.23 0.33 0.0 Cone_Yellow
-7.8259947541109085 -12.011124873665228 0.0 0.23 0.23 0.33 0.0 Cone_Yellow
33.46824069134526 12.078303496746246 0.0 0.23 0.23 0.33 0.0 Cone_Yellow
30.170901788642578 13.712551056868163 0.0 0.23 0.23 0.33 0.0 Cone_Yellow
11.714678873697576 15.485754982288912 0.0 0.23 0.23 0.33 0.0 Cone_Yellow
43.414950868779016 4.88986634650948 0.0 0.23 0.23 0.33 0.0 Cone_Yellow
30.463774406161797 3.6868772242349035 0.0 0.23 0.23 0.33 0.0 Cone_Yellow
-14.831844634333901 -6.427213333086685 0.0 0.23 0.23 0.33 0.0 Cone_Yellow
18.0791920671045 -6.562506291718389 0.0 0.23 0.23 0.33 0.0 Cone_Yellow
7.140921969777217 5.383839961525114 0.0 0.23 0.23 0.33 0.0 Cone_Yellow
-7.264259790906493 0.8850790616854329 0.0 0.23 0.23 0.33 0.0 Cone_Yellow
48.732879697596935 -2.3565593122061905 0.0 0.23 0.23 0.33 0.0 Cone_Blue
21.182864828649365 3.2513107700775254 0.0 0.23 0.23 0.33 0.0 Cone_Blue
-19.144274663933768 -4.503772662860996 0.0 0.23 0.23 0.33 0.0 Cone_Blue
19.190102286266132 -1.9411091121459858 0.0 0.23 0.23 0.33 0.0 Cone_Blue
-19.84397311209568 -1.2143818031089069 0.0 0.23 0.23 0.33 0.0 Cone_Blue
-12.873777758218054 9.335762304677475 0.0 0.23 0.23 0.33 0.0 Cone_Blue
43.5066419557725 9.564129588937975 0.0 0.23 0.23 0.33 0.0 Cone_Blue
45.78139399326966 6.960462118930474 0.0 0.23 0.23 0.33 0.0 Cone_Blue
-15.867226108232856 -10.491333146505983 0.0 0.23 0.23 0.33 0.0 Cone_Blue
8.761627510416465 16.299160155935112 0.0 0.23 0.23 0.33 0.0 Cone_Blue
47.207127268012755 -4.863575589616144 0.0 0.23 0.23 0.33 0.0 Cone_Blue
4.058059652217109 5.869717366765867 0.0 0.23 0.23 0.33 0.0 Cone_Blue
15.494397162619588 -13.16860051131692 0.0 0.23 0.23 0.33 0.0 Cone_Blue
-20.80185059639036 2.3979632524899444 0.0 0.23 0.23 0.33 0.0 Cone_Blue
28.28518636241405 18.784556916082146 0.0 0.23 0.23 0.33 0.0 Cone_Blue
17.589861603072393 -12.963093032562227 0.0 0.23 0.23 0.33 0.0 Cone_Blue
6.777647067263265 11.932854305250357 0.0 0.23 0.23 0.33 0.0 Cone_Blue
8.851541720864953 -14.229623107735549 0.0 0.23 0.23 0.33 0.0 Cone_Blue
-10.295920714926602 8.42941676183158 0.0 0.23 0.23 0.33 0.0 Cone_Blue
40.11364463913186 -8.829224136737114 0.0 0.23 0.23 0.33 0.0 Cone_Blue
7.458066960525138 13.644281107576612 0.0 0.23 0.23 0.33 0.0 Cone_Blue
37.95102858934706 -8.35604067103288 0.0 0.23 0.23 0.33 0.0 Cone_Blue
-12.940625711565879 -12.895551845425711 0.0 0.23 0.23 0.33 0.0 Cone_Blue
35.1835633577596 -6.6954896360226 0.0 0.23 0.23 0.33 0.0 Cone_Blue
22.107588382712592 -7.772137071775185 0.0 0.23 0.23 0.33 0.0 Cone_Blue
44.78403122708927 -6.883558433752354 0.0 0.23 0.23 0.33 0.0 Cone_Blue
28.251751185524753 1.5804806340464896 0.0 0.23 0.23 0.33 0.0 Cone_Blue
18.947730383977955 -0.0345753181857944 0.0 0.23 0.23 0.33 0.0 Cone_Blue
25.277953381015127 19.859529273891795 0.0 0.23 0.23 0.33 0.0 Cone_Blue
0.04687870780001724 1.1650420310499143 0.0 0.23 0.23 0.33 0.0 Cone_Blue
21.646249989232558 -9.650528100691362 0.0 0.23 0.23 0.33 0.0 Cone_Blue
-8.781623436772154 -15.33072934213527 0.0 0.23 0.23 0.33 0.0 Cone_Blue
40.97997760221547 11.69392568382124 0.0 0.23 0.23 0.33 0.0 Cone_Blue
21.57490593629216 -5.8942361445807006 0.0 0.23 0.23 0.33 0.0 Cone_Blue
1.1703133853986145 2.2643585340385215 0.0 0.23 0.23 0.33 0.0 Cone_Blue
-11.073173370294157 -14.245081741545027 0.0 0.23 0.23 0.33 0.0 Cone_Blue
18.62356553727541 21.375601232992707 0.0 0.23 0.23 0.33 0.0 Cone_Blue
1.5423812143653794 -15.220480829768755 0.0 0.23 0.23 0.33 0.0 Cone_Blue
-6.455856363069138 -16.153504282611067 0.0 0.23 0.23 0.33 0.0 Cone_Blue
-20.592318947195892 5.417698163596862 0.0 0.23 0.23 0.33 0.0 Cone_Blue
10.693538970164902 18.81001016736259 0.0 0.23 0.23 0.33 0.0 Cone_Blue
42.10361817635144 -8.529957934051481 0.0 0.23 0.23 0.33 0.0 Cone_Blue
3.7323807197911973 -14.81658305256976 0.0 0.23 0.23 0.33 0.0 Cone_Blue
15.6797475153185 21.101494507026082 0.0 0.23 0.23 0.33 0.0 Cone_Blue
29.6730994562875 -0.3317282448450811 0.0 0.23 0.23 0.33 0.0 Cone_Blue
-1.7051252400649535 -15.689179800244077 0.0 0.23 0.23 0.33 0.0 Cone_Blue
-4.32400363391451 2.8556311233132696 0.0 0.23 0.23 0.33 0.0 Cone_Blue
30.982611416502646 -2.4929357586629752 0.0 0.23 0.23 0.33 0.0 Cone_Blue
20.162911625251116 -3.921193614612548 0.0 0.23 0.23 0.33 0.0 Cone_Blue
24.03006056859541 4.303794778813616 0.0 0.23 0.23 0.33 0.0 Cone_Blue
22.18266894193884 4.082298388945857 0.0 0.23 0.23 0.33 0.0 Cone_Blue
5.397920191438065 8.784994108227211 0.0 0.23 0.23 0.33 0.0 Cone_Blue
19.71509041149528 1.340478714330338 0.0 0.23 0.23 0.33 0.0 Cone_Blue
22.020864593248632 20.867262791930777 0.0 0.23 0.23 0.33 0.0 Cone_Blue
-4.012665551324799 -16.032678703974078 0.0 0.23 0.23 0.33 0.0 Cone_Blue
-18.116539061064234 -7.369630609744691 0.0 0.23 0.23 0.33 0.0 Cone_Blue
48.87892513464006 0.9927820378236358 0.0 0.23 0.23 0.33 0.0 Cone_Blue
5.677110031733857 -14.751010229219085 0.0 0.23 0.23 0.33 0.0 Cone_Blue
-8.33507760279377 6.802197518729892 0.0 0.23 0.23 0.33 0.0 Cone_Blue
12.57949747442073 -13.63777534114125 0.0 0.23 0.23 0.33 0.0 Cone_Blue
-1.0731074187462006 0.8724626314083714 0.0 0.23 0.23 0.33 0.0 Cone_Blue
3.070909932358574 4.3347968874182765 0.0 0.23 0.23 0.33 0.0 Cone_Blue
13.366348130695386 20.405069895344532 0.0 0.23 0.23 0.33 0.0 Cone_Blue
33.14778696664399 -4.785606929649415 0.0 0.23 0.23 0.33 0.0 Cone_Blue
25.970983076216907 3.3462100619971036 0.0 0.23 0.23 0.33 0.0 Cone_Blue
38.243705063962906 13.719406567049093 0.0 0.23 0.23 0.33 0.0 Cone_Blue
-18.812204514184018 8.711880244931534 0.0 0.23 0.23 0.33 0.0 Cone_Blue
-2.3795135471532696 1.1736024326182157 0.0 0.23 0.23 0.33 0.0 Cone_Blue
-15.870332740467823 9.537388975345207 0.0 0.23 0.23 0.33 0.0 Cone_Blue
32.384006928300224 17.005455186157825 0.0 0.23 0.23 0.33 0.0 Cone_Blue
-6.219979460071551 4.855143824905065 0.0 0.23 0.23 0.33 0.0 Cone_Blue
20.08833766956572 -11.689949636802384 0.0 0.23 0.23 0.33 0.0 Cone_Blue
35.63334275080595 15.495037771660295 0.0 0.23 0.23 0.33 0.0 Cone_Blue
47.63083454595687 4.203055733806233 0.0 0.23 0.23 0.33 0.0 Cone_Blue
