-8.23545920150708 -1.2035852125625262 0.0 0.23 0.23 0.33 0.0 Cone_Yellow
-10.638548106067491 -0.5317154367621288 0.0 0.23 0.23 0.33 0.0 Cone_Yellow
11.226474688549896 -36.772347844834016 0.0 0.23 0.23 0.33 0.0 Cone_Yellow
-11.322054564886432 -17.10837934456224 0.0 0.23 0.23 0.33 0.0 Cone_Yellow
-22.6081109607255 -1.4488956810282918 0.0 0.23 0.23 0.33 0.0 Cone_Yellow
3.026858094092841 -37.268770291040994 0.0 0.23 0.23 0.33 0.0 Cone_Yellow
-7.363302367423847 -15.065830261375229 0.0 0.23 0.23 0.33 0.0 Cone_Yellow
7.370316056819636 -17.38683990729419 0.0 0.23 0.23 0.33 0.0 Cone_Yellow
5.619442793424454 -13.375500116013574 0.0 0.23 0.23 0.33 0.0 Cone_Yellow
-12.496943146840383 19.26820748044765 0.0 0.23 0.23 0.33 0.0 Cone_Yellow
0.5680735895604769 -1.3903276258205057 0.0 0.23 0.23 0.33 0.0 Cone_Yellow
1.8755665017576888 -33.233804504664036 0.0 0.23 0.23 0.33 0.0 Cone_Yellow
7.065903032706537 -20.330985655874798 0.0 0.23 0.23 0.33 0.0 Cone_Yellow
-23.591543044481526 0.40162100089467856 0.0 0.23 0.23 0.33 0.0 Cone_Yellow
-14.191201275992684 19.80963758007306 0.0 0.23 0.23 0.33 0.0 Cone_Yellow
-13.728893759642228 5.884780873195032 0.0 0.23 0.23 0.33 0.0 Cone_Yellow
-4.319926151704294 -11.834070184834694 0.0 0.23 0.23 0.33 0.0 Cone_Yellow
-12.669154473585365 -15.769236221442345 0.0 0.23 0.23 0.33 0.0 Cone_Yellow
-24.211157691517666 2.1030856670098643 0.0 0.23 0.23 0.33 0.0 Cone_Yellow
4.863970582283471 -38.388939039702414 0.0 0.23 0.23 0.33 0.0 Cone_Yellow
1.7005263089900353 -35.338402900195696 0.0 0.23 0.23 0.33 0.0 Cone_Yellow
-16.60202994454496 -10.039936668829244 0.0 0.23 0.23 0.33 0.0 Cone_Yellow
7.734446898162535 -39.12784929593795 0.0 0.23 0.23 0.33 0.0 Cone_Yellow
10.686467840843857 -2.1119101096130546 0.0 0.23 0.23 0.33 0.0 Cone_Yellow
-24.66585266069734 8.301388969243684 0.0 0.23 0.23 0.33 0.0 Cone_Yellow
-21.040140168430476 -3.7597836271700773 0.0 0.23 0.23 0.33 0.0 Cone_Yellow
2.6052648071632625 -30.412619514982687 0.0 0.23 0.23 0.33 0.0 Cone_Yellow
-2.2451529455188144 -11.364993484177564 0.0 0.23 0.23 0.33 0.0 Cone_Yellow
-5.993336061334105 -13.1836431658619 0.0 0.23 0.23 0.33 0.0 Cone_Yellow
-11.33403352284147 16.186251963988376 0.0 0.23 0.23 0.33 0.0 Cone_Yellow
3.5965284417386734 -1.3221920493762909 0.0 0.23 0.23 0.33 0.0 Cone_Yellow
14.906880895322907 -28.66883073022028 0.0 0.23 0.23 0.33 0.0 Cone_Yellow
9.609340066632736 -38.406942059299894 0.0 0.23 0.23 0.33 0.0 Cone_Yellow
14.862370291515454 -8.923603549956123 0.0 0.23 0.23 0.33 0.0 Cone_Yellow
-18.65225385408223 -7.225335850396232 0.0 0.23 0.23 0.33 0.0 Cone_Yellow
-12.43243216415939 0.6775914142041461 0.0 0.23 0.23 0.33 0.0 Cone_Yellow
-24.075256132304002 10.293869083213954 0.0 0.23 0.23 0.33 0.0 Cone_Yellow
15.185077566102365 -11.92153790463552 0.0 0.23 0.23 0.33 0.0 Cone_Yellow
14.354651023258373 -31.527930059197416 0.0 0.23 0.23 0.33 0.0 Cone_Yellow
3.9421048078333776 -27.589299606624444 0.0 0.23 0.23 0.33 0.0 Cone_Yellow
3.441108050987097 -12.270437176889809 0.0 0.23 0.23 0.33 0.0 Cone_Yellow
0.6221649538558935 -11.621888479644774 0.0 0.23 0.23 0.33 0.0 Cone_Yellow
15.254457167610639 -14.6767605767624 0.0 0.23 0.23 0.33 0.0 Cone_Yellow
-16.574314988168005 18.615058134683316 0.0 0.23 0.23 0.33 0.0 Cone_Yellow
-19.69593105303139 -5.730210822319252 0.0 0.23 0.23 0.33 0.0 Cone_Yellow
-6.144495743410065 -1.5501109121705134 0.0 0.23 0.23 0.33 0.0 Cone_Yellow
6.072052254086493 -0.9200407323785083 0.0 0.23 0.23 0.33 0.0 Cone_Yellow
15.172092846573605 -25.747442359423204 0.0 0.23 0.23 0.33 0.0 Cone_Yellow
6.934750588048189 -15.087785734076085 0.0 0.23 0.23 0.33 0.0 Cone_Yellow
-11.785804824054951 12.884795049419163 0.0 0.23 0.23 0.33 0.0 Cone_Yellow
-9.843269549992502 -17.305205915731214 0.0 0.23 0.23 0.33 0.0 Cone_Yellow
12.326041826594441 -3.808555611103575 0.0 0.23 0.23 0.33 0.0 Cone_Yellow
-24.92914988813491 6.293319950054512 0.0 0.23 0.23 0.33 0.0 Cone_Yellow
-14.369133627943109 -13.543516057290013 0.0 0.23 0.23 0.33 0.0 Cone_Yellow
-11.35981939901517 18.088766917348764 0.0 0.23 0.23 0.33 0.0 Cone_Yellow
5.009533989464849 -25.675064981439462 0.0 0.23 0.23 0.33 0.0 Cone_Yellow
-18.972315339002606 16.97272144723307 0.0 0.23 0.23 0.33 0.0 Cone_Yellow
-13.70616126071652 2.872073873467981 0.0 0.23 0.23 0.33 0.0 Cone_Yellow
14.010146929345787 -6.17963447025209 0.0 0.23 0.23 0.33 0.0 Cone_Yellow
-21.012895761756862 14.616298710468365 0.0 0.23 0.23 0.33 0.0 Cone_Yellow
-24.755179673499583 4.15169429524172 0.0 0.23 0.23 0.33 0.0 Cone_Yellow
15.041922226881177 -22.33802296577605 0.0 0.23 0.23 0.33 0.0 Cone_Yellow
15.059284960591214 -18.65795401771012 0.0 0.23 0.23 0.33 0.0 Cone_Yellow
8.53390372945649 -1.3029600322423338 0.0 0.23 0.23 0.33 0.0 Cone_Yellow
12.96116685756245 -34.432696550037 0.0 0.23 0.23 0.33 0.0 Cone_Yellow
6.184301867921551 -23.330703237737595 0.0 0.23 0.23 0.33 0.0 Cone_Yellow
-22.821889324236604 12.899516256317137 0.0 0.23 0.23 0.33 0.0 Cone_Yellow
-8.467685764825267 -16.71655169881599 0.0 0.23 0.23 0.33 0.0 Cone_Yellow
-2.5501051536041928 -1.6386479574410107 0.0 0.23 0.23 0.33 0.0 Cone_Yellow
-12.926353302712808 9.31952641333722 0.0 0.23 0.23 0.33 0.0 Cone_Yellow
8.79239394355308 -42.39588587637399 0.0 0.23 0.23 0.33 0.0 Cone_Blue
1.710982705507643 -15.187336833532905 0.0 0.23 0.23 0.33 0.0 Cone_Blue
-22.991290924718168 17.61841229986664 0.0 0.23 0.23 0.33 0.0 Cone_Blue
-3.828700492469146 -15.681540080880957 0.0 0.23 0.23 0.33 0.0 Cone_Blue
-20.344930972198412 19.69361088031151 0.0 0.23 0.23 0.33 0.0 Cone_Blue
-7.8043210535466265 18.07426939856981 0.0 0.23 0.23 0.33 0.0 Cone_Blue
17.19933284323318 -32.459097504421145 0.0 0.23 0.23 0.33 0.0 Cone_Blue
15.86158066442168 -35.64720042536924 0.0 0.23 0.23 0.33 0.0 Cone_Blue
-26.92717721851784 12.04178905062268 0.0 0.23 0.23 0.33 0.0 Cone_Blue
7.965521560605936 1.7068708667989316 0.0 0.23 0.23 0.33 0.0 Cone_Blue
5.869814411090193 -42.12834154731898 0.0 0.23 0.23 0.33 0.0 Cone_Blue
-3.469728142285172 1.3437018678888464 0.0 0.23 0.23 0.33 0.0 Cone_Blue
-15.537355331123493 -17.30086134260164 0.0 0.23 0.23 0.33 0.0 Cone_Blue
-17.522092497084945 22.142722764045544 0.0 0.23 0.23 0.33 0.0 Cone_Blue
18.78490394663882 -14.73355224477468 0.0 0.23 0.23 0.33 0.0 Cone_Blue
-14.431117835397023 -19.09235322036026 0.0 0.23 0.23 0.33 0.0 Cone_Blue
3.1716129925443504 1.5681415562548882 0.0 0.23 0.23 0.33 0.0 Cone_Blue
-19.412049601087585 -11.801766718532372 0.0 0.23 0.23 0.33 0.0 Cone_Blue
-7.484433048735951 15.360511700642045 0.0 0.23 0.23 0.33 0.0 Cone_Blue
-0.81165558175557 -37.5021311175807 0.0 0.23 0.23 0.33 0.0 Cone_Blue
5.007879917460613 1.7098338684165704 0.0 0.23 0.23 0.33 0.0 Cone_Blue
-1.3379143018587776 -35.351814273364944 0.0 0.23 0.23 0.33 0.0 Cone_Blue
-27.799098271548207 8.35600404450947 0.0 0.23 0.23 0.33 0.0 Cone_Blue
-1.0638675818642191 -32.13604190219509 0.0 0.23 0.23 0.33 0.0 Cone_Blue
-7.782160153364986 -20.866399664187455 0.0 0.23 0.23 0.33 0.0 Cone_Blue
2.9899363614827337 -40.84069736761217 0.0 0.23 0.23 0.33 0.0 Cone_Blue
3.319656858682311 -22.27062668633409 0.0 0.23 0.23 0.33 0.0 Cone_Blue
-2.2230969739639406 -14.62529551266073 0.0 0.23 0.23 0.33 0.0 Cone_Blue
18.427597140779184 -11.560013585650657 0.0 0.23 0.23 0.33 0.0 Cone_Blue
-9.45916872311238 2.8767198430244942 0.0 0.23 0.23 0.33 0.0 Cone_Blue
-9.672011798167862 -21.27828160291186 0.0 0.23 0.23 0.33 0.0 Cone_Blue
-28.156758631044326 3.549813408520807 0.0 0.23 0.23 0.33 0.0 Cone_Blue
18.000711257853666 -29.253187836651932 0.0 0.23 0.23 0.33 0.0 Cone_Blue
-6.329962295911411 -19.562028603526567 0.0 0.23 0.23 0.33 0.0 Cone_Blue
-7.977765212158566 2.351319151829788 0.0 0.23 0.23 0.33 0.0 Cone_Blue
-28.18968971310995 6.085310865495673 0.0 0.23 0.23 0.33 0.0 Cone_Blue
16.862253118539194 -4.917043628461299 0.0 0.23 0.23 0.33 0.0 Cone_Blue
-23.5168005668239 -5.673418993054264 0.0 0.23 0.23 0.33 0.0 Cone_Blue
-27.872698149138962 1.0992092531306028 0.0 0.23 0.23 0.33 0.0 Cone_Blue
-14.717984674806244 23.28275862594088 0.0 0.23 0.23 0.33 0.0 Cone_Blue
11.070190494898359 1.0762517451159521 0.0 0.23 0.23 0.33 0.0 Cone_Blue
0.33238473392627554 -39.157645145005006 0.0 0.23 0.23 0.33 0.0 Cone_Blue
-22.19081318163275 -7.462549704462893 0.0 0.23 0.23 0.33 0.0 Cone_Blue
15.321265555864635 -2.393840034753337 0.0 0.23 0.23 0.33 0.0 Cone_Blue
2.2275218244964847 -24.388175923168014 0.0 0.23 0.23 0.33 0.0 Cone_Blue
-25.366121840276477 -2.9630707268628065 0.0 0.23 0.23 0.33 0.0 Cone_Blue
-9.86339824115062 7.545692151867014 0.0 0.23 0.23 0.33 0.0 Cone_Blue
0.8625770073708665 -26.514808269844643 0.0 0.23 0.23 0.33 0.0 Cone_Blue
-5.17907983706769 -17.426122630549003 0.0 0.23 0.23 0.33 0.0 Cone_Blue
3.9085123095072767 -17.2814022121105 0.0 0.23 0.23 0.33 0.0 Cone_Blue
2.8970288049132407 -15.719730802082308 0.0 0.23 0.23 0.33 0.0 Cone_Blue
-0.26226367613421075 1.4226730160752066 0.0 0.23 0.23 0.33 0.0 Cone_Blue
-0.650677773516307 -14.709633299173566 0.0 0.23 0.23 0.33 0.0 Cone_Blue
17.900007391867163 -8.191660386887744 0.0 0.23 0.23 0.33 0.0 Cone_Blue
-26.689566105641873 -1.0418135703571139 0.0 0.23 0.23 0.33 0.0 Cone_Blue
-25.11300178028938 15.434900155070261 0.0 0.23 0.23 0.33 0.0 Cone_Blue
11.864588877603023 -41.05385941020478 0.0 0.23 0.23 0.33 0.0 Cone_Blue
-21.276547292189772 -9.180219572421283 0.0 0.23 0.23 0.33 0.0 Cone_Blue
-8.08333286299847 12.883806795330246 0.0 0.23 0.23 0.33 0.0 Cone_Blue
-17.240809026047167 -14.889428008989993 0.0 0.23 0.23 0.33 0.0 Cone_Blue
-10.214545454394283 3.75386157763098 0.0 0.23 0.23 0.33 0.0 Cone_Blue
-5.282392384481781 1.55511093202567 0.0 0.23 0.23 0.33 0.0 Cone_Blue
13.678290664225173 -0.6225530851111536 0.0 0.23 0.23 0.33 0.0 Cone_Blue
-0.24407385983114693 -29.46771363902314 0.0 0.23 0.23 0.33 0.0 Cone_Blue
3.9022321854580397 -19.445682515239966 0.0 0.23 0.23 0.33 0.0 Cone_Blue
18.616212044386828 -25.90491679121763 0.0 0.23 0.23 0.33 0.0 Cone_Blue
-10.97659218633209 23.133008077385043 0.0 0.23 0.23 0.33 0.0 Cone_Blue
-10.518713790790574 5.059565899193162 0.0 0.23 0.23 0.33 0.0 Cone_Blue
-8.941260632616817 20.85408296597216 0.0 0.23 0.23 0.33 0.0 Cone_Blue
18.989977915813824 -19.197124543272597 0.0 0.23 0.23 0.33 0.0 Cone_Blue
-8.901619738471322 10.127892277531709 0.0 0.23 0.23 0.33 0.0 Cone_Blue
-12.188801773912761 -20.776186775500612 0.0 0.23 0.23 0.33 0.0 Cone_Blue
19.0627100239493 -22.779617263974558 0.0 0.23 0.23 0.33 0.0 Cone_Blue
14.198688991752537 -38.5209630487631 0.0 0.23 0.23 0.33 0.0 Cone_Blue
