-14.069908987242375 -24.660473828274768 0.0 0.23 0.23 0.33 0.0 Cone_Yellow
-14.867636375585398 -27.024765750339988 0.0 0.23 0.23 0.33 0.0 Cone_Yellow
22.476173448813938 -7.102353071519591 0.0 0.23 0.23 0.33 0.0 Cone_Yellow
1.6498738864481926 -28.58194979053084 0.0 0.23 0.23 0.33 0.0 Cone_Yellow
-14.583280223317232 -39.02604885302314 0.0 0.23 0.23 0.33 0.0 Cone_Yellow
22.539270453708127 -15.316740833803951 0.0 0.23 0.23 0.33 0.0 Cone_Yellow
-0.18095560550630818 -24.520941407193938 0.0 0.23 0.23 0.33 0.0 Cone_Yellow
2.914206640141601 -9.93030851068216 0.0 0.23 0.23 0.33 0.0 Cone_Yellow
-1.1839264809419676 -11.467093800649877 0.0 0.23 0.23 0.33 0.0 Cone_Yellow
-34.738033502316895 -27.835874670891968 0.0 0.23 0.23 0.33 0.0 Cone_Yellow
-13.418928474811633 -15.87905670432794 0.0 0.23 0.23 0.33 0.0 Cone_Yellow
18.44917979841704 -16.253533051595483 0.0 0.23 0.23 0.33 0.0 Cone_Yellow
5.838189769137965 -10.389638609281842 0.0 0.23 0.23 0.33 0.0 Cone_Yellow
-16.483107818761262 -39.91047282433173 0.0 0.23 0.23 0.33 0.0 Cone_Yellow
-35.368103076587865 -29.499205513676124 0.0 0.23 0.23 0.33 0.0 Cone_Yellow
-21.438250009181395 -29.77225508285151 0.0 0.23 0.23 0.33 0.0 Cone_Yellow
-3.247637327252903 -21.311287967921388 0.0 0.23 0.23 0.33 0.0 Cone_Yellow
0.24151944776591971 -29.856516478962604 0.0 0.23 0.23 0.33 0.0 Cone_Yellow
-18.214895023556988 -40.4394505158897 0.0 0.23 0.23 0.33 0.0 Cone_Yellow
23.75480992200122 -13.541290434393868 0.0 0.23 0.23 0.33 0.0 Cone_Yellow
20.5416110588302 -16.539373734501805 0.0 0.23 0.23 0.33 0.0 Cone_Yellow
-5.687308793235019 -33.48162041159103 0.0 0.23 0.23 0.33 0.0 Cone_Yellow
24.644145033439276 -10.713799372276046 0.0 0.23 0.23 0.33 0.0 Cone_Yellow
-12.164477232892747 -5.8128292289045405 0.0 0.23 0.23 0.33 0.0 Cone_Yellow
-24.428555511735492 -40.56647287269859 0.0 0.23 0.23 0.33 0.0 Cone_Yellow
-12.192880780473597 -37.58219082372575 0.0 0.23 0.23 0.33 0.0 Cone_Yellow
15.670425356080536 -15.375997803237752 0.0 0.23 0.23 0.33 0.0 Cone_Yellow
-3.6065899910759427 -19.21465500210718 0.0 0.23 0.23 0.33 0.0 Cone_Yellow
-1.9882378316351703 -23.053574071637914 0.0 0.23 0.23 0.33 0.0 Cone_Yellow
-31.599012649450618 -26.837197203291097 0.0 0.23 0.23 0.33 0.0 Cone_Yellow
-13.327179669246593 -12.851225235250372 0.0 0.23 0.23 0.33 0.0 Cone_Yellow
14.578132091599269 -2.9995098874071786 0.0 0.23 0.23 0.33 0.0 Cone_Yellow
24.02316640209372 -8.803480766277154 0.0 0.23 0.23 0.33 0.0 Cone_Yellow
-5.14194003291085 -2.0021468651265977 0.0 0.23 0.23 0.33 0.0 Cone_Yellow
-8.606164455451871 -35.38048256285602 0.0 0.23 0.23 0.33 0.0 Cone_Yellow
-16.169908934815794 -28.752344765941228 0.0 0.23 0.23 0.33 0.0 Cone_Yellow
-26.387098785609226 -39.87157035559193 0.0 0.23 0.23 0.33 0.0 Cone_Yellow
-2.131154656878503 -1.838068226943463 0.0 0.23 0.23 0.33 0.0 Cone_Yellow
17.404111776384813 -3.7018243652141862 0.0 0.23 0.23 0.33 0.0 Cone_Yellow
12.92157340790714 -13.892053916378487 0.0 0.23 0.23 0.33 0.0 Cone_Yellow
-2.4023849905563734 -13.58408818181453 0.0 0.23 0.23 0.33 0.0 Cone_Yellow
-3.1987653774862155 -16.3648855273389 0.0 0.23 0.23 0.33 0.0 Cone_Yellow
0.6238908613135079 -1.9141582709541467 0.0 0.23 0.23 0.33 0.0 Cone_Yellow
-34.300927116175274 -31.94202897967263 0.0 0.23 0.23 0.33 0.0 Cone_Yellow
-10.1542741251318 -36.34381915814972 0.0 0.23 0.23 0.33 0.0 Cone_Yellow
-13.61354107958364 -22.59070655236063 0.0 0.23 0.23 0.33 0.0 Cone_Yellow
-13.598155484621522 -10.357931041869648 0.0 0.23 0.23 0.33 0.0 Cone_Yellow
11.674806286439232 -2.5805269984887964 0.0 0.23 0.23 0.33 0.0 Cone_Yellow
0.5953732564158036 -10.2439629503071 0.0 0.23 0.23 0.33 0.0 Cone_Yellow
-28.32599108247085 -27.46253302462417 0.0 0.23 0.23 0.33 0.0 Cone_Yellow
1.924450993315852 -27.115609709997962 0.0 0.23 0.23 0.33 0.0 Cone_Yellow
-10.383686664781756 -4.265058649973341 0.0 0.23 0.23 0.33 0.0 Cone_Yellow
-22.437175849816523 -40.935354503983184 0.0 0.23 0.23 0.33 0.0 Cone_Yellow
-2.070795963602902 -31.436692675692385 0.0 0.23 0.23 0.33 0.0 Cone_Yellow
-33.50023808103826 -26.762565323679937 0.0 0.23 0.23 0.33 0.0 Cone_Yellow
11.066325614306283 -12.725111380349105 0.0 0.23 0.23 0.33 0.0 Cone_Yellow
-32.78740306383327 -34.423343232348046 0.0 0.23 0.23 0.33 0.0 Cone_Yellow
-18.428540046282226 -29.90851282368578 0.0 0.23 0.23 0.33 0.0 Cone_Yellow
-7.927052589624993 -2.7084039116987277 0.0 0.23 0.23 0.33 0.0 Cone_Yellow
-30.541929185381058 -36.58541252755077 0.0 0.23 0.23 0.33 0.0 Cone_Yellow
-20.289354172507725 -40.87462458207486 0.0 0.23 0.23 0.33 0.0 Cone_Yellow
8.263267792895576 -2.5306261059283948 0.0 0.23 0.23 0.33 0.0 Cone_Yellow
4.589240997597398 -2.3191171593753594 0.0 0.23 0.23 0.33 0.0 Cone_Yellow
-13.08587561454674 -7.919712591503522 0.0 0.23 0.23 0.33 0.0 Cone_Yellow
20.231308158872658 -5.246630858337976 0.0 0.23 0.23 0.33 0.0 Cone_Yellow
8.78721331574718 -11.428284990988075 0.0 0.23 0.23 0.33 0.0 Cone_Yellow
-28.922985471168076 -38.482468392354164 0.0 0.23 0.23 0.33 0.0 Cone_Yellow
1.4091962491510825 -25.710883015682377 0.0 0.23 0.23 0.33 0.0 Cone_Yellow
-13.335477583783632 -19.00599412138744 0.0 0.23 0.23 0.33 0.0 Cone_Yellow
-24.825867011104428 -28.7896060311463 0.0 0.23 0.23 0.33 0.0 Cone_Yellow
27.963449644200217 -9.829756419190744 0.0 0.23 0.23 0.33 0.0 Cone_Blue
0.41916555742333284 -15.46570711857894 0.0 0.23 0.23 0.33 0.0 Cone_Blue
-33.644246548879764 -38.40265230276288 0.0 0.23 0.23 0.33 0.0 Cone_Blue
0.6203917397117626 -21.02374947242956 0.0 0.23 0.23 0.33 0.0 Cone_Blue
-35.576925426718844 -35.65048542887325 0.0 0.23 0.23 0.33 0.0 Cone_Blue
-33.29816304053841 -23.212784437387477 0.0 0.23 0.23 0.33 0.0 Cone_Blue
18.48407529018147 -0.9102358789204672 0.0 0.23 0.23 0.33 0.0 Cone_Blue
21.597154007778215 -2.4143376123543945 0.0 0.23 0.23 0.33 0.0 Cone_Blue
-28.28305911254791 -42.627293950790076 0.0 0.23 0.23 0.33 0.0 Cone_Blue
-16.12150343632413 -8.328496224177186 0.0 0.23 0.23 0.33 0.0 Cone_Blue
27.542074777383863 -12.734148664256136 0.0 0.23 0.23 0.33 0.0 Cone_Blue
-16.36219502711811 -19.766979298753185 0.0 0.23 0.23 0.33 0.0 Cone_Blue
1.6196770950346977 -32.80153484396872 0.0 0.23 0.23 0.33 0.0 Cone_Blue
-37.87368529139846 -32.70235717528165 0.0 0.23 0.23 0.33 0.0 Cone_Blue
0.8668793501606364 1.6083743899865368 0.0 0.23 0.23 0.33 0.0 Cone_Blue
3.467041649152992 -31.791362210596773 0.0 0.23 0.23 0.33 0.0 Cone_Blue
-16.235906955568215 -13.123046986795398 0.0 0.23 0.23 0.33 0.0 Cone_Blue
-4.076197077234548 -36.380684852537264 0.0 0.23 0.23 0.33 0.0 Cone_Blue
-30.571307237725748 -23.036527212426844 0.0 0.23 0.23 0.33 0.0 Cone_Blue
22.5697758564467 -19.162220509402605 0.0 0.23 0.23 0.33 0.0 Cone_Blue
-16.280515488633984 -11.281861768072176 0.0 0.23 0.23 0.33 0.0 Cone_Blue
20.39468740086737 -19.574289655794587 0.0 0.23 0.23 0.33 0.0 Cone_Blue
-24.648413031005177 -43.692472478518 0.0 0.23 0.23 0.33 0.0 Cone_Blue
17.19785379551094 -19.13095180766639 0.0 0.23 0.23 0.33 0.0 Cone_Blue
5.589433987812867 -25.245269497908797 0.0 0.23 0.23 0.33 0.0 Cone_Blue
26.104274024954282 -15.542075677277772 0.0 0.23 0.23 0.33 0.0 Cone_Blue
7.57746694416804 -14.233007266053107 0.0 0.23 0.23 0.33 0.0 Cone_Blue
-0.34966557532748066 -19.3646521117934 0.0 0.23 0.23 0.33 0.0 Cone_Blue
-2.321091292180932 1.4190097733429567 0.0 0.23 0.23 0.33 0.0 Cone_Blue
-18.209096723637696 -25.667190880276497 0.0 0.23 0.23 0.33 0.0 Cone_Blue
5.901028519595989 -27.154220733161907 0.0 0.23 0.23 0.33 0.0 Cone_Blue
-19.867788170884264 -44.303222270997594 0.0 0.23 0.23 0.33 0.0 Cone_Blue
15.324914097678665 0.0591787491412461 0.0 0.23 0.23 0.33 0.0 Cone_Blue
4.3635017032439345 -23.726272290954828 0.0 0.23 0.23 0.33 0.0 Cone_Blue
-17.606265015831546 -24.215572410899064 0.0 0.23 0.23 0.33 0.0 Cone_Blue
-22.401491411414092 -44.20232777451406 0.0 0.23 0.23 0.33 0.0 Cone_Blue
-9.037399899476625 0.20634722685745288 0.0 0.23 0.23 0.33 0.0 Cone_Blue
-10.412586264519575 -40.15637000921324 0.0 0.23 0.23 0.33 0.0 Cone_Blue
-17.40560971540109 -44.14885797088082 0.0 0.23 0.23 0.33 0.0 Cone_Blue
-38.86418085459279 -29.842003878105864 0.0 0.23 0.23 0.33 0.0 Cone_Blue
-15.327951981978323 -5.2614250222814185 0.0 0.23 0.23 0.33 0.0 Cone_Blue
24.283346545824788 -18.107123153037627 0.0 0.23 0.23 0.33 0.0 Cone_Blue
-8.555984988912243 -38.926628999242105 0.0 0.23 0.23 0.33 0.0 Cone_Blue
-11.638395542586181 -1.1993628101500278 0.0 0.23 0.23 0.33 0.0 Cone_Blue
9.634442600433665 -15.435348670498037 0.0 0.23 0.23 0.33 0.0 Cone_Blue
-13.216734423317668 -41.86011001285246 0.0 0.23 0.23 0.33 0.0 Cone_Blue
-22.89289376298632 -25.824509722697837 0.0 0.23 0.23 0.33 0.0 Cone_Blue
11.686094531976067 -16.910599104671086 0.0 0.23 0.23 0.33 0.0 Cone_Blue
2.2912945534553364 -22.46429674133415 0.0 0.23 0.23 0.33 0.0 Cone_Blue
2.6262616763656297 -13.381727058222808 0.0 0.23 0.23 0.33 0.0 Cone_Blue
1.0133969450809772 -14.309403635238397 0.0 0.23 0.23 0.33 0.0 Cone_Blue
-16.271821668471024 -16.559815847989597 0.0 0.23 0.23 0.33 0.0 Cone_Blue
-0.18248017199542943 -17.798873058068715 0.0 0.23 0.23 0.33 0.0 Cone_Blue
-5.712589701703645 1.0698783468308832 0.0 0.23 0.23 0.33 0.0 Cone_Blue
-15.20514392034282 -43.08034009652237 0.0 0.23 0.23 0.33 0.0 Cone_Blue
-31.575723072691993 -40.63661579162793 0.0 0.23 0.23 0.33 0.0 Cone_Blue
26.78538983542294 -6.691031863635679 0.0 0.23 0.23 0.33 0.0 Cone_Blue
-6.792468557830646 -38.10426552169925 0.0 0.23 0.23 0.33 0.0 Cone_Blue
-28.1296517635718 -23.7652704601165 0.0 0.23 0.23 0.33 0.0 Cone_Blue
-0.8782761280512741 -34.37538201204981 0.0 0.23 0.23 0.33 0.0 Cone_Blue
-19.124872389238604 -26.37523505901383 0.0 0.23 0.23 0.33 0.0 Cone_Blue
-16.66895068635599 -21.565964127166964 0.0 0.23 0.23 0.33 0.0 Cone_Blue
-13.49390303015419 -2.7465912729535873 0.0 0.23 0.23 0.33 0.0 Cone_Blue
14.576496840254073 -18.171511773139187 0.0 0.23 0.23 0.33 0.0 Cone_Blue
4.787195950124722 -13.502191720948197 0.0 0.23 0.23 0.33 0.0 Cone_Blue
12.013782419030974 0.8504860336851934 0.0 0.23 0.23 0.33 0.0 Cone_Blue
-38.517232903092335 -26.11372410070808 0.0 0.23 0.23 0.33 0.0 Cone_Blue
-20.4448067115568 -26.610087218847752 0.0 0.23 0.23 0.33 0.0 Cone_Blue
-36.13409255457107 -24.201469861275683 0.0 0.23 0.23 0.33 0.0 Cone_Blue
5.335054499528394 1.5776525520919975 0.0 0.23 0.23 0.33 0.0 Cone_Blue
-25.420751049181444 -24.72782703484824 0.0 0.23 0.23 0.33 0.0 Cone_Blue
5.266840420183516 -29.64101313549201 0.0 0.23 0.23 0.33 0.0 Cone_Blue
8.91639463120503 1.4612613381678514 0.0 0.23 0.23 0.33 0.0 Cone_Blue
24.37917503956372 -4.22654050092704 0.0 0.23 0.23 0.33 0.0 Cone_Blue
