1.6432774389736151 -13.60615991512371 0.0 0.23 0.23 0.33 0.0 Cone_Yellow
3.5022278141917553 -11.941663360206348 0.0 0.23 0.23 0.33 0.0 Cone_Yellow
-38.810174938672425 -10.881836758568141 0.0 0.23 0.23 0.33 0.0 Cone_Yellow
-10.104745512158928 -2.449390487633038 0.0 0.23 0.23 0.33 0.0 Cone_Yellow
9.167063034380934 -1.3576520006043002 0.0 0.23 0.23 0.33 0.0 Cone_Yellow
-34.818362116644415 -3.702311848444465 0.0 0.23 0.23 0.33 0.0 Cone_Yellow
-10.512103381307956 -6.885355465468787 0.0 0.23 0.23 0.33 0.0 Cone_Yellow
-20.393523857266267 -18.05782730588833 0.0 0.23 0.23 0.33 0.0 Cone_Yellow
-16.070109098802256 -18.73936155438864 0.0 0.23 0.23 0.33 0.0 Cone_Yellow
21.193709664511143 -21.02472724828057 0.0 0.23 0.23 0.33 0.0 Cone_Yellow
-3.2492904166634506 -20.927351219160105 0.0 0.23 0.23 0.33 0.0 Cone_Yellow
-30.797525751534298 -4.902018542942059 0.0 0.23 0.23 0.33 0.0 Cone_Yellow
-22.711790288873534 -16.217636492353527 0.0 0.23 0.23 0.33 0.0 Cone_Yellow
11.256059041728964 -1.5239238705038771 0.0 0.23 0.23 0.33 0.0 Cone_Yellow
22.561438209394293 -19.887636315904942 0.0 0.23 0.23 0.33 0.0 Cone_Yellow
10.573718773864652 -12.787640169301392 0.0 0.23 0.23 0.33 0.0 Cone_Yellow
-9.424570362991908 -11.189270417788494 0.0 0.23 0.23 0.33 0.0 Cone_Yellow
-8.251246995585962 -2.034028335676708 0.0 0.23 0.23 0.33 0.0 Cone_Yellow
13.023714109690577 -1.9167341065846388 0.0 0.23 0.23 0.33 0.0 Cone_Yellow
-36.75082095564485 -4.64854815894662 0.0 0.23 0.23 0.33 0.0 Cone_Yellow
-32.47761486386376 -3.6224584426768947 0.0 0.23 0.23 0.33 0.0 Cone_Yellow
-1.3059130524565539 -1.8001068700886242 0.0 0.23 0.23 0.33 0.0 Cone_Yellow
-38.917681136819006 -6.671006960018874 0.0 0.23 0.23 0.33 0.0 Cone_Yellow
-9.29996590367455 -29.069335599899468 0.0 0.23 0.23 0.33 0.0 Cone_Yellow
18.493629859250316 -4.867282027598341 0.0 0.23 0.23 0.33 0.0 Cone_Yellow
6.375556001845829 -1.4365442842620453 0.0 0.23 0.23 0.33 0.0 Cone_Yellow
-28.811666157839674 -7.0346005547404635 0.0 0.23 0.23 0.33 0.0 Cone_Yellow
-10.145079181902275 -13.190665893469635 0.0 0.23 0.23 0.33 0.0 Cone_Yellow
-9.662225978997338 -9.052645096178036 0.0 0.23 0.23 0.33 0.0 Cone_Yellow
17.970039694661896 -20.347408619779056 0.0 0.23 0.23 0.33 0.0 Cone_Yellow
-4.8207590983927044 -23.51707464663323 0.0 0.23 0.23 0.33 0.0 Cone_Yellow
-33.95824715636171 -18.343148725570497 0.0 0.23 0.23 0.33 0.0 Cone_Yellow
-39.31838041681501 -8.639349339795329 0.0 0.23 0.23 0.33 0.0 Cone_Yellow
-17.288505796116873 -28.92595083921866 0.0 0.23 0.23 0.33 0.0 Cone_Yellow
2.1696270944774403 -1.585592223940407 0.0 0.23 0.23 0.33 0.0 Cone_Yellow
5.48658147556217 -11.079814405762436 0.0 0.23 0.23 0.33 0.0 Cone_Yellow
19.855685545811777 -6.436863363694952 0.0 0.23 0.23 0.33 0.0 Cone_Yellow
-19.98942552698504 -27.585509498672454 0.0 0.23 0.23 0.33 0.0 Cone_Yellow
-36.07152423154592 -16.33978485246636 0.0 0.23 0.23 0.33 0.0 Cone_Yellow
-27.150568854788755 -9.680168970435025 0.0 0.23 0.23 0.33 0.0 Cone_Yellow
-13.966852365049085 -17.497340032249664 0.0 0.23 0.23 0.33 0.0 Cone_Yellow
-11.903887674309583 -15.469722641733405 0.0 0.23 0.23 0.33 0.0 Cone_Yellow
-22.34947540475478 -26.16205241236938 0.0 0.23 0.23 0.33 0.0 Cone_Yellow
22.836173614421433 -17.23607611976941 0.0 0.23 0.23 0.33 0.0 Cone_Yellow
3.9914215255635677 -1.5099219123767733 0.0 0.23 0.23 0.33 0.0 Cone_Yellow
0.22648386767281892 -15.182517812273522 0.0 0.23 0.23 0.33 0.0 Cone_Yellow
-5.813238888236732 -25.820317511381823 0.0 0.23 0.23 0.33 0.0 Cone_Yellow
-31.63808085316499 -20.13805142979293 0.0 0.23 0.23 0.33 0.0 Cone_Yellow
-18.221077625516333 -18.927220622594408 0.0 0.23 0.23 0.33 0.0 Cone_Yellow
15.429808864394616 -18.190804252650818 0.0 0.23 0.23 0.33 0.0 Cone_Yellow
-11.066067171557698 -3.5901825311553304 0.0 0.23 0.23 0.33 0.0 Cone_Yellow
-11.612161765025757 -29.538972812254325 0.0 0.23 0.23 0.33 0.0 Cone_Yellow
16.942388452099753 -3.565238743930238 0.0 0.23 0.23 0.33 0.0 Cone_Yellow
-5.460535805555872 -1.7980401406202495 0.0 0.23 0.23 0.33 0.0 Cone_Yellow
19.58778450641339 -21.348972288859088 0.0 0.23 0.23 0.33 0.0 Cone_Yellow
-26.110949415343455 -11.609648350781692 0.0 0.23 0.23 0.33 0.0 Cone_Yellow
22.741443694099782 -14.33113176234296 0.0 0.23 0.23 0.33 0.0 Cone_Yellow
8.02169210630123 -11.186365639198293 0.0 0.23 0.23 0.33 0.0 Cone_Yellow
-14.516876416307937 -29.683394929815147 0.0 0.23 0.23 0.33 0.0 Cone_Yellow
21.852473733091635 -11.343418759978986 0.0 0.23 0.23 0.33 0.0 Cone_Yellow
15.04336275407207 -2.559988785381098 0.0 0.23 0.23 0.33 0.0 Cone_Yellow
-28.693826577507593 -21.86213140249767 0.0 0.23 0.23 0.33 0.0 Cone_Yellow
-25.600760329042732 -23.856160015544255 0.0 0.23 0.23 0.33 0.0 Cone_Yellow
-7.460202118514707 -27.689769836289297 0.0 0.23 0.23 0.33 0.0 Cone_Yellow
-37.77081628764429 -13.602656248540198 0.0 0.23 0.23 0.33 0.0 Cone_Yellow
-24.766454360817658 -13.860968985862844 0.0 0.23 0.23 0.33 0.0 Cone_Yellow
21.378175964162608 -8.89498225266179 0.0 0.23 0.23 0.33 0.0 Cone_Yellow
-11.309697052719113 -5.0664579181046525 0.0 0.23 0.23 0.33 0.0 Cone_Yellow
-1.7814631119702904 -18.165072329363248 0.0 0.23 0.23 0.33 0.0 Cone_Yellow
13.037648286219284 -15.311644818402304 0.0 0.23 0.23 0.33 0.0 Cone_Yellow
-42.241766841007134 -5.805114776701144 0.0 0.23 0.23 0.33 0.0 Cone_Blue
-15.495304514666355 -14.469887085575618 0.0 0.23 0.23 0.33 0.0 Cone_Blue
25.447458212934222 -11.290314954376775 0.0 0.23 0.23 0.33 0.0 Cone_Blue
-12.932313898726864 -9.533956992245503 0.0 0.23 0.23 0.33 0.0 Cone_Blue
25.773518610714547 -14.637456236662317 0.0 0.23 0.23 0.33 0.0 Cone_Blue
17.663173893686732 -24.33856300533856 0.0 0.23 0.23 0.33 0.0 Cone_Blue
-38.38658877827348 -18.237089153949068 0.0 0.23 0.23 0.33 0.0 Cone_Blue
-40.354718134192694 -15.394546636264987 0.0 0.23 0.23 0.33 0.0 Cone_Blue
22.863189982384856 -4.972761195658003 0.0 0.23 0.23 0.33 0.0 Cone_Blue
-4.617112590953744 -28.829498869421293 0.0 0.23 0.23 0.33 0.0 Cone_Blue
-40.44425718674812 -3.4851988009757084 0.0 0.23 0.23 0.33 0.0 Cone_Blue
1.2273802687110429 -18.993913950232816 0.0 0.23 0.23 0.33 0.0 Cone_Blue
-7.999738041015829 1.207760509501171 0.0 0.23 0.23 0.33 0.0 Cone_Blue
26.319876643350028 -18.33449004443347 0.0 0.23 0.23 0.33 0.0 Cone_Blue
-24.29626677889758 -29.107775260613806 0.0 0.23 0.23 0.33 0.0 Cone_Blue
-10.105027523816403 1.2387562936592234 0.0 0.23 0.23 0.33 0.0 Cone_Blue
-2.1555754206304316 -24.71347652501462 0.0 0.23 0.23 0.33 0.0 Cone_Blue
-1.27976735118536 1.516453395683417 0.0 0.23 0.23 0.33 0.0 Cone_Blue
15.203339740817462 -23.148594468333542 0.0 0.23 0.23 0.33 0.0 Cone_Blue
-32.95047840493632 -0.34081590845373305 0.0 0.23 0.23 0.33 0.0 Cone_Blue
-3.023793900089216 -26.33771468575135 0.0 0.23 0.23 0.33 0.0 Cone_Blue
-30.854641067832908 -1.053751128095722 0.0 0.23 0.23 0.33 0.0 Cone_Blue
20.224944504634337 -2.255240591663349 0.0 0.23 0.23 0.33 0.0 Cone_Blue
-28.291052433611696 -3.0144415326244327 0.0 0.23 0.23 0.33 0.0 Cone_Blue
-15.176861818035512 -3.412305513529723 0.0 0.23 0.23 0.33 0.0 Cone_Blue
-37.809741464008944 -1.7499604828234714 0.0 0.23 0.23 0.33 0.0 Cone_Blue
-22.331978129358678 -12.016171218557133 0.0 0.23 0.23 0.33 0.0 Cone_Blue
-12.905471774173034 -11.45564758827819 0.0 0.23 0.23 0.33 0.0 Cone_Blue
-21.42869753367573 -30.51350012641298 0.0 0.23 0.23 0.33 0.0 Cone_Blue
5.741287412853045 -14.769202732005873 0.0 0.23 0.23 0.33 0.0 Cone_Blue
-14.507599542412525 -1.5975675221823604 0.0 0.23 0.23 0.33 0.0 Cone_Blue
16.365560138795736 0.6313736324650838 0.0 0.23 0.23 0.33 0.0 Cone_Blue
-36.114949533495064 -20.637030674673753 0.0 0.23 0.23 0.33 0.0 Cone_Blue
-14.858329850965188 -5.338129977762293 0.0 0.23 0.23 0.33 0.0 Cone_Blue
4.501559812984082 -15.735472739145338 0.0 0.23 0.23 0.33 0.0 Cone_Blue
18.52077078026837 -0.7046274533784642 0.0 0.23 0.23 0.33 0.0 Cone_Blue
-14.98653228247245 -32.76691057199805 0.0 0.23 0.23 0.33 0.0 Cone_Blue
6.094422131055775 1.6806356574845946 0.0 0.23 0.23 0.33 0.0 Cone_Blue
14.14684255055871 1.710003943296244 0.0 0.23 0.23 0.33 0.0 Cone_Blue
25.772720151911066 -21.311623266049235 0.0 0.23 0.23 0.33 0.0 Cone_Blue
-6.818644912750012 -31.107635192005837 0.0 0.23 0.23 0.33 0.0 Cone_Blue
-34.961467534014616 -0.4148271348519959 0.0 0.23 0.23 0.33 0.0 Cone_Blue
3.8729267466544117 1.5251059006049112 0.0 0.23 0.23 0.33 0.0 Cone_Blue
-12.030550402504918 -32.82496372800251 0.0 0.23 0.23 0.33 0.0 Cone_Blue
-23.52970920953414 -9.956507662804949 0.0 0.23 0.23 0.33 0.0 Cone_Blue
9.374015246700331 1.7818576526641234 0.0 0.23 0.23 0.33 0.0 Cone_Blue
9.894788924207525 -16.939716293163173 0.0 0.23 0.23 0.33 0.0 Cone_Blue
-24.588361963121688 -7.661972014999289 0.0 0.23 0.23 0.33 0.0 Cone_Blue
-13.676721868354893 -7.457192821310599 0.0 0.23 0.23 0.33 0.0 Cone_Blue
-18.44264335817942 -15.196137670243997 0.0 0.23 0.23 0.33 0.0 Cone_Blue
-16.582064350508933 -15.183400748277613 0.0 0.23 0.23 0.33 0.0 Cone_Blue
-0.4312372540269429 -21.74037579361121 0.0 0.23 0.23 0.33 0.0 Cone_Blue
-13.822324950005694 -12.735880089871486 0.0 0.23 0.23 0.33 0.0 Cone_Blue
-18.305304222083052 -31.880456027629812 0.0 0.23 0.23 0.33 0.0 Cone_Blue
11.705529202621882 1.8641768988701817 0.0 0.23 0.23 0.33 0.0 Cone_Blue
24.747894371289522 -8.327209712812557 0.0 0.23 0.23 0.33 0.0 Cone_Blue
-42.76283485947773 -9.116897509434054 0.0 0.23 0.23 0.33 0.0 Cone_Blue
1.9331267480780019 1.6782328329653369 0.0 0.23 0.23 0.33 0.0 Cone_Blue
13.437534549910755 -21.311564200949217 0.0 0.23 0.23 0.33 0.0 Cone_Blue
-5.0505964060390935 1.3467886722929063 0.0 0.23 0.23 0.33 0.0 Cone_Blue
6.887036366164717 -14.604184658038758 0.0 0.23 0.23 0.33 0.0 Cone_Blue
2.3805783457358904 -17.579495468140752 0.0 0.23 0.23 0.33 0.0 Cone_Blue
-9.653600391996342 -32.392606699525246 0.0 0.23 0.23 0.33 0.0 Cone_Blue
-26.482514945617638 -5.1407598580985905 0.0 0.23 0.23 0.33 0.0 Cone_Blue
-20.263816694226797 -14.02674622571298 0.0 0.23 0.23 0.33 0.0 Cone_Blue
-33.623317880721814 -22.956843580667474 0.0 0.23 0.23 0.33 0.0 Cone_Blue
23.634100792261606 -24.38517987267553 0.0 0.23 0.23 0.33 0.0 Cone_Blue
8.151385482322365 -15.050058479521502 0.0 0.23 0.23 0.33 0.0 Cone_Blue
20.6181609607285 -24.875262650937835 0.0 0.23 0.23 0.33 0.0 Cone_Blue
-28.16949071361079 -26.879845874767863 0.0 0.23 0.23 0.33 0.0 Cone_Blue
11.554348818482016 -19.13940634735591 0.0 0.23 0.23 0.33 0.0 Cone_Blue
-12.730618216532111 0.25409885305790264 0.0 0.23 0.23 0.33 0.0 Cone_Blue
-31.22875649811258 -25.014252962792412 0.0 0.23 0.23 0.33 0.0 Cone_Blue
-41.882967351840136 -12.446975660120748 0.0 0.23 0.23 0.33 0.0 Cone_Blue
