-7.608828219913217 -18.013426702666603 0.0 0.23 0.23 0.33 0.0 Cone_Yellow
-6.8613032679428585 -15.63278567028958 0.0 0.23 0.23 0.33 0.0 Cone_Yellow
-43.77523356843878 -36.340861604964374 0.0 0.23 0.23 0.33 0.0 Cone_Yellow
-23.408062981086825 -14.42542889332348 0.0 0.23 0.23 0.33 0.0 Cone_Yellow
-7.399519780823727 -3.640205567686831 0.0 0.23 0.23 0.33 0.0 Cone_Yellow
-44.012117058912004 -28.12964770243237 0.0 0.23 0.23 0.33 0.0 Cone_Yellow
-21.491720224212074 -18.44679136844514 0.0 0.23 0.23 0.33 0.0 Cone_Yellow
-24.277479929983386 -33.09964571527316 0.0 0.23 0.23 0.33 0.0 Cone_Yellow
-20.21277961926085 -31.47649584862639 0.0 0.23 0.23 0.33 0.0 Cone_Yellow
12.987484228751981 -14.40143902288734 0.0 0.23 0.23 0.33 0.0 Cone_Yellow
-8.07386514722735 -26.806651537080054 0.0 0.23 0.23 0.33 0.0 Cone_Yellow
-39.94276271681014 -27.106526758344632 0.0 0.23 0.23 0.33 0.0 Cone_Yellow
-27.21052704413173 -32.702284287450794 0.0 0.23 0.23 0.33 0.0 Cone_Yellow
-5.518830181556115 -2.71578289128683 0.0 0.23 0.23 0.33 0.0 Cone_Yellow
13.582219883241695 -12.725149470853523 0.0 0.23 0.23 0.33 0.0 Cone_Yellow
-0.35029209062913225 -12.746889864277538 0.0 0.23 0.23 0.33 0.0 Cone_Yellow
-18.357814921273274 -21.590841230476727 0.0 0.23 0.23 0.33 0.0 Cone_Yellow
-22.026991186662762 -13.12134946059621 0.0 0.23 0.23 0.33 0.0 Cone_Yellow
-3.7986227978169538 -2.1502823362124257 0.0 0.23 0.23 0.33 0.0 Cone_Yellow
-45.18981931216305 -29.930419126692282 0.0 0.23 0.23 0.33 0.0 Cone_Yellow
-42.04077340953553 -26.865021874815376 0.0 0.23 0.23 0.33 0.0 Cone_Yellow
-16.176190366920896 -9.371614456445078 0.0 0.23 0.23 0.33 0.0 Cone_Yellow
-46.019131079291135 -32.77609385155027 0.0 0.23 0.23 0.33 0.0 Cone_Yellow
-9.115053602515186 -36.89716738642572 0.0 0.23 0.23 0.33 0.0 Cone_Yellow
2.4109591703321662 -1.8918193363124534 0.0 0.23 0.23 0.33 0.0 Cone_Yellow
-9.758834863261692 -5.134316623430155 0.0 0.23 0.23 0.33 0.0 Cone_Yellow
-37.146063364053006 -27.925072476800814 0.0 0.23 0.23 0.33 0.0 Cone_Yellow
-17.954581899634526 -23.67941010376404 0.0 0.23 0.23 0.33 0.0 Cone_Yellow
-19.65379590678655 -19.875591615419506 0.0 0.23 0.23 0.33 0.0 Cone_Yellow
9.87029615796812 -15.466308559678485 0.0 0.23 0.23 0.33 0.0 Cone_Yellow
-8.101530336996468 -29.835746432545374 0.0 0.23 0.23 0.33 0.0 Cone_Yellow
-35.792151990822994 -40.27567900845625 0.0 0.23 0.23 0.33 0.0 Cone_Yellow
-45.35787279919281 -34.6728461084396 0.0 0.23 0.23 0.33 0.0 Cone_Yellow
-16.05539206489101 -40.85558005192746 0.0 0.23 0.23 0.33 0.0 Cone_Yellow
-13.298164373885308 -7.4114200197185625 0.0 0.23 0.23 0.33 0.0 Cone_Yellow
-5.595874473369552 -13.878039808480818 0.0 0.23 0.23 0.33 0.0 Cone_Yellow
4.383766808159148 -2.5451272943603813 0.0 0.23 0.23 0.33 0.0 Cone_Yellow
-19.0620318676448 -41.08332437465572 0.0 0.23 0.23 0.33 0.0 Cone_Yellow
-38.632358680590634 -39.63331403123762 0.0 0.23 0.23 0.33 0.0 Cone_Yellow
-34.36642937374907 -29.350523764032566 0.0 0.23 0.23 0.33 0.0 Cone_Yellow
-19.039385390400895 -29.334195138358897 0.0 0.23 0.23 0.33 0.0 Cone_Yellow
-18.30201959017665 -26.537170420158937 0.0 0.23 0.23 0.33 0.0 Cone_Yellow
-21.81807056807841 -41.06554281624143 0.0 0.23 0.23 0.33 0.0 Cone_Yellow
12.463597382166803 -10.305452234297952 0.0 0.23 0.23 0.33 0.0 Cone_Yellow
-11.770783604842936 -6.4155440577895195 0.0 0.23 0.23 0.33 0.0 Cone_Yellow
-8.021301680693291 -20.09238651173891 0.0 0.23 0.23 0.33 0.0 Cone_Yellow
-7.777861882629477 -32.322749158501225 0.0 0.23 0.23 0.33 0.0 Cone_Yellow
-32.88061124540314 -40.63313932775692 0.0 0.23 0.23 0.33 0.0 Cone_Yellow
-21.965801956815273 -32.73699944499449 0.0 0.23 0.23 0.33 0.0 Cone_Yellow
6.584776379471599 -14.9103635511883 0.0 0.23 0.23 0.33 0.0 Cone_Yellow
-23.651553692467584 -15.897250245548083 0.0 0.23 0.23 0.33 0.0 Cone_Yellow
-10.862697686236364 -38.48226958158932 0.0 0.23 0.23 0.33 0.0 Cone_Yellow
0.41222046859559924 -1.5651540366797674 0.0 0.23 0.23 0.33 0.0 Cone_Yellow
-19.748626885681507 -11.492602860790283 0.0 0.23 0.23 0.33 0.0 Cone_Yellow
11.772675053510756 -15.500697467249172 0.0 0.23 0.23 0.33 0.0 Cone_Yellow
-32.48690663591616 -30.477951604749915 0.0 0.23 0.23 0.33 0.0 Cone_Yellow
10.89791231648968 -7.85671669270438 0.0 0.23 0.23 0.33 0.0 Cone_Yellow
-3.3622112598143445 -12.674342286740774 0.0 0.23 0.23 0.33 0.0 Cone_Yellow
-13.285846012971547 -40.09055349310948 0.0 0.23 0.23 0.33 0.0 Cone_Yellow
8.607195884740456 -5.74264129069439 0.0 0.23 0.23 0.33 0.0 Cone_Yellow
-1.7338354755705385 -1.6713141301318863 0.0 0.23 0.23 0.33 0.0 Cone_Yellow
-29.468780642170742 -40.61084747150147 0.0 0.23 0.23 0.33 0.0 Cone_Yellow
-25.79110118215255 -40.744573745663416 0.0 0.23 0.23 0.33 0.0 Cone_Yellow
-8.238439072944395 -34.771260650969914 0.0 0.23 0.23 0.33 0.0 Cone_Yellow
-41.491607302678226 -38.14867137947256 0.0 0.23 0.23 0.33 0.0 Cone_Yellow
-30.180866186229096 -31.726266067533086 0.0 0.23 0.23 0.33 0.0 Cone_Yellow
6.9484765373494355 -3.880263823432351 0.0 0.23 0.23 0.33 0.0 Cone_Yellow
-23.106692982739403 -17.290760684727353 0.0 0.23 0.23 0.33 0.0 Cone_Yellow
-8.223457325175024 -23.68217976704964 0.0 0.23 0.23 0.33 0.0 Cone_Yellow
3.0573575289795443 -13.657643497548356 0.0 0.23 0.23 0.33 0.0 Cone_Yellow
-49.31898799552401 -33.73016899235873 0.0 0.23 0.23 0.33 0.0 Cone_Blue
-21.900115743879105 -27.512695985824518 0.0 0.23 0.23 0.33 0.0 Cone_Blue
11.670369481994321 -3.8601692623323913 0.0 0.23 0.23 0.33 0.0 Cone_Blue
-22.21889434231134 -21.96015539715546 0.0 0.23 0.23 0.33 0.0 Cone_Blue
13.660846261744314 -6.570828284757907 0.0 0.23 0.23 0.33 0.0 Cone_Blue
11.645751769627982 -19.053959228320075 0.0 0.23 0.23 0.33 0.0 Cone_Blue
-39.65301580585763 -42.44712754683907 0.0 0.23 0.23 0.33 0.0 Cone_Blue
-42.79722153202374 -41.00922926183523 0.0 0.23 0.23 0.33 0.0 Cone_Blue
6.220996911873403 0.2500942783353075 0.0 0.23 0.23 0.33 0.0 Cone_Blue
-5.212139871571658 -34.29834049443019 0.0 0.23 0.23 0.33 0.0 Cone_Blue
-48.95915879759916 -30.81751143612229 0.0 0.23 0.23 0.33 0.0 Cone_Blue
-5.213518413345701 -22.857325435054427 0.0 0.23 0.23 0.33 0.0 Cone_Blue
-23.46715123513418 -10.206149517927528 0.0 0.23 0.23 0.33 0.0 Cone_Blue
16.019468691275087 -9.46970156769777 0.0 0.23 0.23 0.33 0.0 Cone_Blue
-21.986474661466296 -44.59242810136713 0.0 0.23 0.23 0.33 0.0 Cone_Blue
-25.29272893801334 -11.25518268984191 0.0 0.23 0.23 0.33 0.0 Cone_Blue
-5.199205414112525 -29.502442467955007 0.0 0.23 0.23 0.33 0.0 Cone_Blue
-17.848280039260832 -6.507287009757636 0.0 0.23 0.23 0.33 0.0 Cone_Blue
8.923235655871814 -19.287872009120846 0.0 0.23 0.23 0.33 0.0 Cone_Blue
-44.123978569858856 -24.285674300156117 0.0 0.23 0.23 0.33 0.0 Cone_Blue
-5.115650936980984 -31.34227169378507 0.0 0.23 0.23 0.33 0.0 Cone_Blue
-41.958095612001586 -23.827676719522593 0.0 0.23 0.23 0.33 0.0 Cone_Blue
2.564627347228786 1.2381322536920614 0.0 0.23 0.23 0.33 0.0 Cone_Blue
-38.75259746619277 -24.203276486742055 0.0 0.23 0.23 0.33 0.0 Cone_Blue
-27.27614346115798 -17.84471574398829 0.0 0.23 0.23 0.33 0.0 Cone_Blue
-47.58109022982432 -27.979791905115977 0.0 0.23 0.23 0.33 0.0 Cone_Blue
-29.030733141642223 -28.89657574816169 0.0 0.23 0.23 0.33 0.0 Cone_Blue
-21.213950879526163 -23.598356814300605 0.0 0.23 0.23 0.33 0.0 Cone_Blue
-18.803224259138293 -44.33565456194589 0.0 0.23 0.23 0.33 0.0 Cone_Blue
-3.491867262134509 -16.919357777944633 0.0 0.23 0.23 0.33 0.0 Cone_Blue
-27.62805796858217 -15.942784580597795 0.0 0.23 0.23 0.33 0.0 Cone_Blue
-2.227849624502701 1.7475965190173355 0.0 0.23 0.23 0.33 0.0 Cone_Blue
-36.474050869113995 -43.34948340362193 0.0 0.23 0.23 0.33 0.0 Cone_Blue
-26.018346557446378 -19.33743454875222 0.0 0.23 0.23 0.33 0.0 Cone_Blue
-4.063850573254635 -18.38340604913456 0.0 0.23 0.23 0.33 0.0 Cone_Blue
0.30742116170116773 1.7003328848652757 0.0 0.23 0.23 0.33 0.0 Cone_Blue
-12.114076746846326 -42.981159335346305 0.0 0.23 0.23 0.33 0.0 Cone_Blue
-11.593195517060876 -2.59838128625643 0.0 0.23 0.23 0.33 0.0 Cone_Blue
-4.686210852911328 1.5411718246291315 0.0 0.23 0.23 0.33 0.0 Cone_Blue
17.07026208694196 -12.308457577818213 0.0 0.23 0.23 0.33 0.0 Cone_Blue
-5.940620369533715 -37.38151512981523 0.0 0.23 0.23 0.33 0.0 Cone_Blue
-45.81484183816231 -25.37679131808142 0.0 0.23 0.23 0.33 0.0 Cone_Blue
-13.423362230133733 -3.8671291140582005 0.0 0.23 0.23 0.33 0.0 Cone_Blue
-9.54340546961086 -41.52073192256091 0.0 0.23 0.23 0.33 0.0 Cone_Blue
-31.1126875557498 -27.738025136021694 0.0 0.23 0.23 0.33 0.0 Cone_Blue
-8.825722940849126 -0.8356923073361004 0.0 0.23 0.23 0.33 0.0 Cone_Blue
1.1875527126974 -16.662974035995518 0.0 0.23 0.23 0.33 0.0 Cone_Blue
-33.1950936658737 -26.306513947016136 0.0 0.23 0.23 0.33 0.0 Cone_Blue
-23.919902315937293 -20.55528368750166 0.0 0.23 0.23 0.33 0.0 Cone_Blue
-24.062624787937462 -29.64290743180304 0.0 0.23 0.23 0.33 0.0 Cone_Blue
-22.46974895592315 -28.681313413128848 0.0 0.23 0.23 0.33 0.0 Cone_Blue
-5.236014145063654 -26.06568306566879 0.0 0.23 0.23 0.33 0.0 Cone_Blue
-21.347969990777575 -25.167322678170706 0.0 0.23 0.23 0.33 0.0 Cone_Blue
-15.419872008474949 -43.91484372236985 0.0 0.23 0.23 0.33 0.0 Cone_Blue
-6.863576279693984 0.42633553113285494 0.0 0.23 0.23 0.33 0.0 Cone_Blue
9.555042698362836 -1.6704718312763749 0.0 0.23 0.23 0.33 0.0 Cone_Blue
-48.074782542641344 -36.84326544761318 0.0 0.23 0.23 0.33 0.0 Cone_Blue
-15.169084259671434 -4.726621107899864 0.0 0.23 0.23 0.33 0.0 Cone_Blue
6.4667079612204645 -18.610952618845943 0.0 0.23 0.23 0.33 0.0 Cone_Blue
-21.003056768726196 -8.579802791727966 0.0 0.23 0.23 0.33 0.0 Cone_Blue
-2.591277449324288 -16.192096052145004 0.0 0.23 0.23 0.33 0.0 Cone_Blue
-4.944894474621638 -21.052252963688858 0.0 0.23 0.23 0.33 0.0 Cone_Blue
-7.721049722210957 -39.934590856183476 0.0 0.23 0.23 0.33 0.0 Cone_Blue
-36.11152741858666 -25.107038883816088 0.0 0.23 0.23 0.33 0.0 Cone_Blue
-26.22562412133108 -29.56819093957382 0.0 0.23 0.23 0.33 0.0 Cone_Blue
-33.146917873946734 -44.070556384939295 0.0 0.23 0.23 0.33 0.0 Cone_Blue
16.802275015329656 -16.04324350328332 0.0 0.23 0.23 0.33 0.0 Cone_Blue
-1.2766076226143213 -15.929369199785675 0.0 0.23 0.23 0.33 0.0 Cone_Blue
14.460127763100111 -18.005492326916773 0.0 0.23 0.23 0.33 0.0 Cone_Blue
-26.454299593113525 -44.65625111369505 0.0 0.23 0.23 0.33 0.0 Cone_Blue
3.738047811787098 -17.705926636413306 0.0 0.23 0.23 0.33 0.0 Cone_Blue
-27.04662757013658 -13.443130666655598 0.0 0.23 0.23 0.33 0.0 Cone_Blue
-30.037300630209643 -44.615660208253786 0.0 0.23 0.23 0.33 0.0 Cone_Blue
-45.61696250850195 -39.256294249857426 0.0 0.23 0.23 0.33 0.0 Cone_Blue
