-6.169188420263469 -20.180935587413686 0.0 0.23 0.23 0.33 0.0 Cone_Yellow
-6.314563010843072 -17.689929463922766 0.0 0.23 0.23 0.33 0.0 Cone_Yellow
-33.48473565688089 -50.143656176438036 0.0 0.23 0.23 0.33 0.0 Cone_Yellow
-22.213928709241166 -22.429458742238523 0.0 0.23 0.23 0.33 0.0 Cone_Yellow
-11.071031790949005 -6.667785422223867 0.0 0.23 0.23 0.33 0.0 Cone_Yellow
-36.618375561351684 -42.55020844235163 0.0 0.23 0.23 0.33 0.0 Cone_Yellow
-18.995954612098526 -25.50977827570611 0.0 0.23 0.23 0.33 0.0 Cone_Yellow
-16.403911742213673 -40.19813800061532 0.0 0.23 0.23 0.33 0.0 Cone_Yellow
-13.179088908683969 -37.238928342965366 0.0 0.23 0.23 0.33 0.0 Cone_Yellow
11.807288252733702 -9.49913667959357 0.0 0.23 0.23 0.33 0.0 Cone_Yellow
-3.485428407635741 -28.56750190068705 0.0 0.23 0.23 0.33 0.0 Cone_Yellow
-33.176397490216786 -40.150373409346074 0.0 0.23 0.23 0.33 0.0 Cone_Yellow
-19.287228337479252 -40.8668284294395 0.0 0.23 0.23 0.33 0.0 Cone_Yellow
-9.640444635027714 -5.1364555940193295 0.0 0.23 0.23 0.33 0.0 Cone_Yellow
11.768858469069365 -7.72088464101564 0.0 0.23 0.23 0.33 0.0 Cone_Yellow
-1.2502871744206772 -12.682457905652026 0.0 0.23 0.23 0.33 0.0 Cone_Yellow
-14.950707264856305 -27.337997595798356 0.0 0.23 0.23 0.33 0.0 Cone_Yellow
-21.385130137250073 -20.72034335839766 0.0 0.23 0.23 0.33 0.0 Cone_Yellow
-8.232614049763853 -3.9976327965412466 0.0 0.23 0.23 0.33 0.0 Cone_Yellow
-37.08086954411359 -44.65160313056531 0.0 0.23 0.23 0.33 0.0 Cone_Yellow
-35.22368216429234 -40.66863872639318 0.0 0.23 0.23 0.33 0.0 Cone_Yellow
-17.24451453662057 -15.139332224071554 0.0 0.23 0.23 0.33 0.0 Cone_Yellow
-36.84703848273517 -47.60642049912253 0.0 0.23 0.23 0.33 0.0 Cone_Yellow
-0.8802765362017446 -38.3713668136734 0.0 0.23 0.23 0.33 0.0 Cone_Yellow
-2.518339338401116 -1.5537064751149448 0.0 0.23 0.23 0.33 0.0 Cone_Yellow
-12.747089023750322 -8.90151943895193 0.0 0.23 0.23 0.33 0.0 Cone_Yellow
-30.271190186005164 -39.92384552481409 0.0 0.23 0.23 0.33 0.0 Cone_Yellow
-13.832962578198451 -29.14779416548587 0.0 0.23 0.23 0.33 0.0 Cone_Yellow
-16.77076872488938 -26.19387162438254 0.0 0.23 0.23 0.33 0.0 Cone_Yellow
9.270389107599183 -11.600315236127678 0.0 0.23 0.23 0.33 0.0 Cone_Yellow
-2.437009227234743 -31.409507965182044 0.0 0.23 0.23 0.33 0.0 Cone_Yellow
-24.62507306451976 -50.99145227409827 0.0 0.23 0.23 0.33 0.0 Cone_Yellow
-35.55606984406127 -49.145358967994426 0.0 0.23 0.23 0.33 0.0 Cone_Yellow
-5.965597752667822 -44.53390175703054 0.0 0.23 0.23 0.33 0.0 Cone_Yellow
-15.248763362425318 -12.2858478457964 0.0 0.23 0.23 0.33 0.0 Cone_Yellow
-5.753721748493344 -15.600455809598262 0.0 0.23 0.23 0.33 0.0 Cone_Yellow
-0.44207079158898566 -1.464879759337121 0.0 0.23 0.23 0.33 0.0 Cone_Yellow
-8.696025911447165 -45.8131642202425 0.0 0.23 0.23 0.33 0.0 Cone_Yellow
-27.50847607525712 -51.39813874083729 0.0 0.23 0.23 0.33 0.0 Cone_Yellow
-27.16669636845587 -40.27082481687903 0.0 0.23 0.23 0.33 0.0 Cone_Yellow
-12.84174825481784 -34.81973268473852 0.0 0.23 0.23 0.33 0.0 Cone_Yellow
-13.144294506862689 -31.94301209299946 0.0 0.23 0.23 0.33 0.0 Cone_Yellow
-11.279219983255294 -46.77398360466538 0.0 0.23 0.23 0.33 0.0 Cone_Yellow
9.864790219617706 -5.8552010885513415 0.0 0.23 0.23 0.33 0.0 Cone_Yellow
-14.173860201606963 -10.813012437459381 0.0 0.23 0.23 0.33 0.0 Cone_Yellow
-5.817534705242476 -22.271042739762045 0.0 0.23 0.23 0.33 0.0 Cone_Yellow
-1.25235029372541 -33.62005700072066 0.0 0.23 0.23 0.33 0.0 Cone_Yellow
-21.77601601733933 -50.29308178930806 0.0 0.23 0.23 0.33 0.0 Cone_Yellow
-14.371114521413675 -39.03921486766582 0.0 0.23 0.23 0.33 0.0 Cone_Yellow
6.001269065966422 -12.245736974800954 0.0 0.23 0.23 0.33 0.0 Cone_Yellow
-21.9196018114117 -23.891962587227333 0.0 0.23 0.23 0.33 0.0 Cone_Yellow
-1.9521527250628736 -40.47324460465712 0.0 0.23 0.23 0.33 0.0 Cone_Yellow
-4.503007639905466 -1.9571396775258556 0.0 0.23 0.23 0.33 0.0 Cone_Yellow
-19.832510912500553 -18.389435184036564 0.0 0.23 0.23 0.33 0.0 Cone_Yellow
11.061303770403246 -10.957779066154862 0.0 0.23 0.23 0.33 0.0 Cone_Yellow
-25.009499554957337 -40.65838276852922 0.0 0.23 0.23 0.33 0.0 Cone_Yellow
7.532421239208066 -4.120920137617832 0.0 0.23 0.23 0.33 0.0 Cone_Yellow
-4.092151786241832 -13.682820720230009 0.0 0.23 0.23 0.33 0.0 Cone_Yellow
-3.6474017811200685 -42.83636872144645 0.0 0.23 0.23 0.33 0.0 Cone_Yellow
4.640839310080434 -2.95668196472875 0.0 0.23 0.23 0.33 0.0 Cone_Yellow
-6.471913079213957 -2.8175102093282955 0.0 0.23 0.23 0.33 0.0 Cone_Yellow
-18.593870794665815 -49.06221348854451 0.0 0.23 0.23 0.33 0.0 Cone_Yellow
-15.1078249720301 -47.882936824853985 0.0 0.23 0.23 0.33 0.0 Cone_Yellow
-0.8146097735864721 -36.07275411084618 0.0 0.23 0.23 0.33 0.0 Cone_Yellow
-30.70840188979407 -51.024051494583446 0.0 0.23 0.23 0.33 0.0 Cone_Yellow
-22.41063684727653 -41.00770236461922 0.0 0.23 0.23 0.33 0.0 Cone_Yellow
2.429438848395545 -1.8036391632532283 0.0 0.23 0.23 0.33 0.0 Cone_Yellow
-20.91594216957645 -25.001652571167998 0.0 0.23 0.23 0.33 0.0 Cone_Yellow
-4.7334086446051895 -25.699184102821235 0.0 0.23 0.23 0.33 0.0 Cone_Yellow
2.258858828086499 -12.325467088370885 0.0 0.23 0.23 0.33 0.0 Cone_Yellow
-39.594026312797745 -49.66879119892574 0.0 0.23 0.23 0.33 0.0 Cone_Blue
-16.162527592608434 -34.13121114716827 0.0 0.23 0.23 0.33 0.0 Cone_Blue
6.837267629107625 -0.11020412995576478 0.0 0.23 0.23 0.33 0.0 Cone_Blue
-18.42982528325821 -29.052659388486482 0.0 0.23 0.23 0.33 0.0 Cone_Blue
9.659708239857203 -1.938727891182923 0.0 0.23 0.23 0.33 0.0 Cone_Blue
12.202815751645083 -14.32508200164517 0.0 0.23 0.23 0.33 0.0 Cone_Blue
-27.464852099759185 -54.391027715841446 0.0 0.23 0.23 0.33 0.0 Cone_Blue
-30.914633772971953 -54.16170799658899 0.0 0.23 0.23 0.33 0.0 Cone_Blue
0.28439220563432244 1.8002281421146176 0.0 0.23 0.23 0.33 0.0 Cone_Blue
1.847246833228585 -34.557280674772215 0.0 0.23 0.23 0.33 0.0 Cone_Blue
-40.29057798675793 -46.8178498005305 0.0 0.23 0.23 0.33 0.0 Cone_Blue
-2.211664351973546 -23.860455562624153 0.0 0.23 0.23 0.33 0.0 Cone_Blue
-23.76556791266672 -18.50540144757514 0.0 0.23 0.23 0.33 0.0 Cone_Blue
12.893115182541528 -3.812666422359708 0.0 0.23 0.23 0.33 0.0 Cone_Blue
-10.185847001741013 -50.13133602530887 0.0 0.23 0.23 0.33 0.0 Cone_Blue
-25.100431780421722 -20.133695953980062 0.0 0.23 0.23 0.33 0.0 Cone_Blue
0.15844750018699827 -30.068543436610845 0.0 0.23 0.23 0.33 0.0 Cone_Blue
-19.823763574280875 -13.054211125448916 0.0 0.23 0.23 0.33 0.0 Cone_Blue
9.740230050773366 -15.509345842411273 0.0 0.23 0.23 0.33 0.0 Cone_Blue
-38.086253161258604 -38.995777423646935 0.0 0.23 0.23 0.33 0.0 Cone_Blue
0.8890767707957465 -31.75914504544626 0.0 0.23 0.23 0.33 0.0 Cone_Blue
-36.22359072744742 -37.79940815428596 0.0 0.23 0.23 0.33 0.0 Cone_Blue
-3.484715522811543 1.4272879788495114 0.0 0.23 0.23 0.33 0.0 Cone_Blue
-33.09325115146303 -37.01374430317343 0.0 0.23 0.23 0.33 0.0 Cone_Blue
-24.617902219713113 -26.998318614064964 0.0 0.23 0.23 0.33 0.0 Cone_Blue
-40.00850176560244 -43.675850736303666 0.0 0.23 0.23 0.33 0.0 Cone_Blue
-22.338832035393764 -37.95404924208135 0.0 0.23 0.23 0.33 0.0 Cone_Blue
-16.909208604726505 -30.22796367398119 0.0 0.23 0.23 0.33 0.0 Cone_Blue
-7.300583853402554 -48.76229536144664 0.0 0.23 0.23 0.33 0.0 Cone_Blue
-2.7078604215953135 -17.697880447963016 0.0 0.23 0.23 0.33 0.0 Cone_Blue
-25.621472108093545 -25.344827322903257 0.0 0.23 0.23 0.33 0.0 Cone_Blue
-8.146351257345051 0.20395579144486575 0.0 0.23 0.23 0.33 0.0 Cone_Blue
-24.172503895003757 -54.10728935051257 0.0 0.23 0.23 0.33 0.0 Cone_Blue
-22.912464599836326 -27.94792116555236 0.0 0.23 0.23 0.33 0.0 Cone_Blue
-2.723429866077119 -19.269618289007983 0.0 0.23 0.23 0.33 0.0 Cone_Blue
-5.759118519897571 1.0589129060132194 0.0 0.23 0.23 0.33 0.0 Cone_Blue
-1.5266310048819811 -45.12350156911048 0.0 0.23 0.23 0.33 0.0 Cone_Blue
-15.361594768239186 -7.1809942997668905 0.0 0.23 0.23 0.33 0.0 Cone_Blue
-10.371701758956041 -0.860922712787314 0.0 0.23 0.23 0.33 0.0 Cone_Blue
14.882385047372072 -6.094224628991556 0.0 0.23 0.23 0.33 0.0 Cone_Blue
2.2595855410624104 -37.69839933827645 0.0 0.23 0.23 0.33 0.0 Cone_Blue
-39.28023416579086 -40.615642942670114 0.0 0.23 0.23 0.33 0.0 Cone_Blue
-16.62282627124726 -9.016348855162555 0.0 0.23 0.23 0.33 0.0 Cone_Blue
0.3589897214202189 -42.846302956745276 0.0 0.23 0.23 0.33 0.0 Cone_Blue
-24.69633971700158 -37.60918516092451 0.0 0.23 0.23 0.33 0.0 Cone_Blue
-13.399164245499229 -4.551385328853177 0.0 0.23 0.23 0.33 0.0 Cone_Blue
1.5764549360120945 -15.79857903940222 0.0 0.23 0.23 0.33 0.0 Cone_Blue
-27.151076782470913 -37.00926397348365 0.0 0.23 0.23 0.33 0.0 Cone_Blue
-20.518508414243712 -28.342380974580173 0.0 0.23 0.23 0.33 0.0 Cone_Blue
-17.42897509517788 -36.88989867812347 0.0 0.23 0.23 0.33 0.0 Cone_Blue
-16.280675961464357 -35.42588857826827 0.0 0.23 0.23 0.33 0.0 Cone_Blue
-1.094835176893298 -26.86823835690244 0.0 0.23 0.23 0.33 0.0 Cone_Blue
-16.478073232567965 -31.74247260265873 0.0 0.23 0.23 0.33 0.0 Cone_Blue
-4.2864028686171505 -47.168913045198735 0.0 0.23 0.23 0.33 0.0 Cone_Blue
-12.012148612345085 -2.675506489924901 0.0 0.23 0.23 0.33 0.0 Cone_Blue
4.0828546929197955 1.1869433628464865 0.0 0.23 0.23 0.33 0.0 Cone_Blue
-37.32662033943059 -52.13826217479074 0.0 0.23 0.23 0.33 0.0 Cone_Blue
-17.950247205697366 -10.439101663866428 0.0 0.23 0.23 0.33 0.0 Cone_Blue
7.2033108019838465 -15.747650061090765 0.0 0.23 0.23 0.33 0.0 Cone_Blue
-22.03844042333239 -16.110866868833757 0.0 0.23 0.23 0.33 0.0 Cone_Blue
-2.1237392895215734 -16.69849357001459 0.0 0.23 0.23 0.33 0.0 Cone_Blue
-2.6006811987254217 -22.07744929783408 0.0 0.23 0.23 0.33 0.0 Cone_Blue
1.5003526451772409 -40.716956900134655 0.0 0.23 0.23 0.33 0.0 Cone_Blue
-30.303334182032888 -36.922088586424216 0.0 0.23 0.23 0.33 0.0 Cone_Blue
-19.477871480172816 -37.58715922772237 0.0 0.23 0.23 0.33 0.0 Cone_Blue
-20.805912031383603 -53.60150339210409 0.0 0.23 0.23 0.33 0.0 Cone_Blue
15.956381415593423 -9.681281191223457 0.0 0.23 0.23 0.33 0.0 Cone_Blue
-0.9877046301065739 -15.986589500058466 0.0 0.23 0.23 0.33 0.0 Cone_Blue
14.462403822087122 -12.346633915925834 0.0 0.23 0.23 0.33 0.0 Cone_Blue
-14.34061442039505 -51.77555033422424 0.0 0.23 0.23 0.33 0.0 Cone_Blue
4.33104921789602 -15.869188666303886 0.0 0.23 0.23 0.33 0.0 Cone_Blue
-25.964353204953508 -22.80145091522404 0.0 0.23 0.23 0.33 0.0 Cone_Blue
-17.705105209815095 -53.00833003122775 0.0 0.23 0.23 0.33 0.0 Cone_Blue
-34.172771499331766 -53.522756600378884 0.0 0.23 0.23 0.33 0.0 Cone_Blue
