-21.51334492582408 -27.557317364556305 0.0 0.23 0.23 0.33 0.0 Cone_Yellow
-21.943791659878496 -30.01515399216143 0.0 0.23 0.23 0.33 0.0 Cone_Yellow
11.95193485927758 -4.666734260653342 0.0 0.23 0.23 0.33 0.0 Cone_Yellow
-5.380979341917765 -29.052753082239523 0.0 0.23 0.23 0.33 0.0 Cone_Yellow
-19.845088584041516 -41.83492979086224 0.0 0.23 0.23 0.33 0.0 Cone_Yellow
13.258395477211439 -12.776808748287937 0.0 0.23 0.23 0.33 0.0 Cone_Yellow
-7.8057401167207665 -25.315874585001527 0.0 0.23 0.23 0.33 0.0 Cone_Yellow
-6.956073325784763 -10.424781139856659 0.0 0.23 0.23 0.33 0.0 Cone_Yellow
-10.774182106124057 -12.564512302194416 0.0 0.23 0.23 0.33 0.0 Cone_Yellow
-41.462129180718314 -33.8263322978295 0.0 0.23 0.23 0.33 0.0 Cone_Yellow
-22.199843412797534 -18.778605490955808 0.0 0.23 0.23 0.33 0.0 Cone_Yellow
9.357365798835302 -14.322250004448417 0.0 0.23 0.23 0.33 0.0 Cone_Yellow
-3.9962530025820104 -10.435967403349125 0.0 0.23 0.23 0.33 0.0 Cone_Yellow
-21.589052293657183 -42.99688557013247 0.0 0.23 0.23 0.33 0.0 Cone_Yellow
-41.83301458772481 -35.565901547916624 0.0 0.23 0.23 0.33 0.0 Cone_Yellow
-28.022495221623032 -33.72608705039577 0.0 0.23 0.23 0.33 0.0 Cone_Yellow
-11.3231569170993 -22.6077034243945 0.0 0.23 0.23 0.33 0.0 Cone_Yellow
-6.580051102437714 -30.525916135448355 0.0 0.23 0.23 0.33 0.0 Cone_Yellow
-23.220747352518124 -43.782045143562584 0.0 0.23 0.23 0.33 0.0 Cone_Yellow
14.191016277766257 -10.837742281630298 0.0 0.23 0.23 0.33 0.0 Cone_Yellow
11.468951173124763 -14.287888941522116 0.0 0.23 0.23 0.33 0.0 Cone_Yellow
-11.891455457419841 -35.0071399204791 0.0 0.23 0.23 0.33 0.0 Cone_Yellow
14.64186121889779 -7.908175507199509 0.0 0.23 0.23 0.33 0.0 Cone_Yellow
-22.48442054406889 -8.638506903581117 0.0 0.23 0.23 0.33 0.0 Cone_Yellow
-29.34349228409453 -44.848678090895206 0.0 0.23 0.23 0.33 0.0 Cone_Yellow
-17.70093983449257 -40.045694858014855 0.0 0.23 0.23 0.33 0.0 Cone_Yellow
6.477760564463646 -13.8756875148745 0.0 0.23 0.23 0.33 0.0 Cone_Yellow
-11.995509673584564 -20.589620527422422 0.0 0.23 0.23 0.33 0.0 Cone_Yellow
-9.814411232591286 -24.13915189438765 0.0 0.23 0.23 0.33 0.0 Cone_Yellow
-38.51057093027652 -32.36376178900881 0.0 0.23 0.23 0.33 0.0 Cone_Yellow
-22.567726323564635 -15.77180596115264 0.0 0.23 0.23 0.33 0.0 Cone_Yellow
3.523614540052776 -1.8073993606751273 0.0 0.23 0.23 0.33 0.0 Cone_Yellow
13.738722913954897 -6.113942289594217 0.0 0.23 0.23 0.33 0.0 Cone_Yellow
-16.120030068984676 -3.808200217314166 0.0 0.23 0.23 0.33 0.0 Cone_Yellow
-14.489052802860098 -37.32616641392927 0.0 0.23 0.23 0.33 0.0 Cone_Yellow
-22.969395293760208 -31.92003725888379 0.0 0.23 0.23 0.33 0.0 Cone_Yellow
-31.384687668918794 -44.4584183506076 0.0 0.23 0.23 0.33 0.0 Cone_Yellow
-13.168825762320749 -3.190022637353067 0.0 0.23 0.23 0.33 0.0 Cone_Yellow
6.423362585735292 -2.0736099467124944 0.0 0.23 0.23 0.33 0.0 Cone_Yellow
3.535870639045436 -12.825182798537384 0.0 0.23 0.23 0.33 0.0 Cone_Yellow
-11.65796050626058 -14.84162496716877 0.0 0.23 0.23 0.33 0.0 Cone_Yellow
-12.023994892951096 -17.71095841334089 0.0 0.23 0.23 0.33 0.0 Cone_Yellow
-10.434037023588195 -2.847975774176348 0.0 0.23 0.23 0.33 0.0 Cone_Yellow
-40.408176746646475 -37.818919111793335 0.0 0.23 0.23 0.33 0.0 Cone_Yellow
-15.873404295958881 -38.51285587994123 0.0 0.23 0.23 0.33 0.0 Cone_Yellow
-21.375713358238194 -25.442307720325413 0.0 0.23 0.23 0.33 0.0 Cone_Yellow
-23.213192515040348 -13.34831318771056 0.0 0.23 0.23 0.33 0.0 Cone_Yellow
0.5903239432858758 -1.8329662735404213 0.0 0.23 0.23 0.33 0.0 Cone_Yellow
-9.200653987805723 -11.086011070107258 0.0 0.23 0.23 0.33 0.0 Cone_Yellow
-35.18059648136378 -32.48617599139254 0.0 0.23 0.23 0.33 0.0 Cone_Yellow
-5.331650830227415 -27.561742513086042 0.0 0.23 0.23 0.33 0.0 Cone_Yellow
-20.95858636629076 -6.838885033742287 0.0 0.23 0.23 0.33 0.0 Cone_Yellow
-27.31921604919605 -44.911704598246644 0.0 0.23 0.23 0.33 0.0 Cone_Yellow
-8.626370799888306 -32.43807069776566 0.0 0.23 0.23 0.33 0.0 Cone_Yellow
-40.40116798008005 -32.577936611161505 0.0 0.23 0.23 0.33 0.0 Cone_Yellow
1.5252874191078956 -11.95268387374658 0.0 0.23 0.23 0.33 0.0 Cone_Yellow
-38.53631012675556 -40.04238281396751 0.0 0.23 0.23 0.33 0.0 Cone_Yellow
-25.026867157538113 -33.404944193743745 0.0 0.23 0.23 0.33 0.0 Cone_Yellow
-18.76605040369337 -4.928123142210204 0.0 0.23 0.23 0.33 0.0 Cone_Yellow
-35.989287608150555 -41.83942840765417 0.0 0.23 0.23 0.33 0.0 Cone_Yellow
-25.205368279040307 -44.52638176536469 0.0 0.23 0.23 0.33 0.0 Cone_Yellow
-2.7894183782764372 -2.3003278379089807 0.0 0.23 0.23 0.33 0.0 Cone_Yellow
-6.453097049374559 -2.6477001482356144 0.0 0.23 0.23 0.33 0.0 Cone_Yellow
-23.076096894405264 -10.860634617679391 0.0 0.23 0.23 0.33 0.0 Cone_Yellow
9.451911011329857 -3.1724097101719266 0.0 0.23 0.23 0.33 0.0 Cone_Yellow
-0.9239420816957331 -11.015994807951678 0.0 0.23 0.23 0.33 0.0 Cone_Yellow
-34.10170492382947 -43.46940733813943 0.0 0.23 0.23 0.33 0.0 Cone_Yellow
-6.053711549460628 -26.25125678067706 0.0 0.23 0.23 0.33 0.0 Cone_Yellow
-21.643771954760865 -21.856833259490344 0.0 0.23 0.23 0.33 0.0 Cone_Yellow
-31.519859254893717 -33.26783719570979 0.0 0.23 0.23 0.33 0.0 Cone_Yellow
17.788985274553156 -6.531612678907987 0.0 0.23 0.23 0.33 0.0 Cone_Blue
-8.58398162288879 -16.2742069517614 0.0 0.23 0.23 0.33 0.0 Cone_Blue
-38.78059226446918 -44.105559855759616 0.0 0.23 0.23 0.33 0.0 Cone_Blue
-7.543295985828533 -21.737658259172512 0.0 0.23 0.23 0.33 0.0 Cone_Blue
-41.10779991929249 -41.67785009594223 0.0 0.23 0.23 0.33 0.0 Cone_Blue
-40.739047989285886 -29.038499401369616 0.0 0.23 0.23 0.33 0.0 Cone_Blue
7.068074478697598 0.8493395983553995 0.0 0.23 0.23 0.33 0.0 Cone_Blue
10.373042596981803 -0.1659272944357113 0.0 0.23 0.23 0.33 0.0 Cone_Blue
-32.841415280434646 -47.46950167066113 0.0 0.23 0.23 0.33 0.0 Cone_Blue
-26.01479583685451 -11.724456854217962 0.0 0.23 0.23 0.33 0.0 Cone_Blue
17.81234931741605 -9.466319685251477 0.0 0.23 0.23 0.33 0.0 Cone_Blue
-24.520321418262533 -23.06744471903624 0.0 0.23 0.23 0.33 0.0 Cone_Blue
-4.771760113943805 -33.228236503554335 0.0 0.23 0.23 0.33 0.0 Cone_Blue
-43.82456759146469 -39.11158052883355 0.0 0.23 0.23 0.33 0.0 Cone_Blue
-10.72734872331234 0.6707239856654894 0.0 0.23 0.23 0.33 0.0 Cone_Blue
-3.0986992367164925 -31.94992830671068 0.0 0.23 0.23 0.33 0.0 Cone_Blue
-25.40173184262295 -16.481026807400102 0.0 0.23 0.23 0.33 0.0 Cone_Blue
-9.859857488940357 -37.62875493582039 0.0 0.23 0.23 0.33 0.0 Cone_Blue
-38.07034246680582 -28.451285630270597 0.0 0.23 0.23 0.33 0.0 Cone_Blue
13.870957387707376 -16.57330877078868 0.0 0.23 0.23 0.33 0.0 Cone_Blue
-25.72467832553566 -14.667836662919534 0.0 0.23 0.23 0.33 0.0 Cone_Blue
11.783368660585273 -17.31004758298431 0.0 0.23 0.23 0.33 0.0 Cone_Blue
-29.08737245660106 -47.971915753694375 0.0 0.23 0.23 0.33 0.0 Cone_Blue
8.556267397413448 -17.355993041453512 0.0 0.23 0.23 0.33 0.0 Cone_Blue
-1.9922133779062126 -25.15790592110552 0.0 0.23 0.23 0.33 0.0 Cone_Blue
16.81640253139836 -12.459614711399873 0.0 0.23 0.23 0.33 0.0 Cone_Blue
-1.694950574238037 -13.971582605365672 0.0 0.23 0.23 0.33 0.0 Cone_Blue
-8.7534380337468 -20.24461724486942 0.0 0.23 0.23 0.33 0.0 Cone_Blue
-13.84986474532384 0.0007169209640807139 0.0 0.23 0.23 0.33 0.0 Cone_Blue
-25.452315018802913 -29.179312724147323 0.0 0.23 0.23 0.33 0.0 Cone_Blue
-1.3950973646252152 -26.997644608391006 0.0 0.23 0.23 0.33 0.0 Cone_Blue
-24.269394764574034 -47.85158154679569 0.0 0.23 0.23 0.33 0.0 Cone_Blue
3.7985352927297225 1.3291079515596067 0.0 0.23 0.23 0.33 0.0 Cone_Blue
-3.4340601988967645 -23.842101898508766 0.0 0.23 0.23 0.33 0.0 Cone_Blue
-25.076288858528102 -27.653138888909954 0.0 0.23 0.23 0.33 0.0 Cone_Blue
-26.789151221334947 -48.13558719656996 0.0 0.23 0.23 0.33 0.0 Cone_Blue
-20.3050363264824 -2.2151602457321644 0.0 0.23 0.23 0.33 0.0 Cone_Blue
-15.55131543359206 -42.32054913413589 0.0 0.23 0.23 0.33 0.0 Cone_Blue
-21.858997660898833 -47.32609426208725 0.0 0.23 0.23 0.33 0.0 Cone_Blue
-45.23684561559335 -36.43423609302867 0.0 0.23 0.23 0.33 0.0 Cone_Blue
-25.6949147072527 -8.572580312994088 0.0 0.23 0.23 0.33 0.0 Cone_Blue
15.404963807139529 -15.270857526386429 0.0 0.23 0.23 0.33 0.0 Cone_Blue
-13.902378615567285 -40.82380646475215 0.0 0.23 0.23 0.33 0.0 Cone_Blue
-22.663129561717213 -3.9985826122954755 0.0 0.23 0.23 0.33 0.0 Cone_Blue
0.5203947321612983 -14.848519819039748 0.0 0.23 0.23 0.33 0.0 Cone_Blue
-18.06508026622692 -44.42933154650079 0.0 0.23 0.23 0.33 0.0 Cone_Blue
-30.058255754141655 -30.04419067307361 0.0 0.23 0.23 0.33 0.0 Cone_Blue
2.771810543803257 -15.996024213287548 0.0 0.23 0.23 0.33 0.0 Cone_Blue
-5.673493050151055 -22.908525300580948 0.0 0.23 0.23 0.33 0.0 Cone_Blue
-6.717969932382633 -13.879995904024284 0.0 0.23 0.23 0.33 0.0 Cone_Blue
-8.171730312337278 -15.041244038851374 0.0 0.23 0.23 0.33 0.0 Cone_Blue
-24.916724228046107 -19.88359020661538 0.0 0.23 0.23 0.33 0.0 Cone_Blue
-8.825322712874776 -18.671579547585296 0.0 0.23 0.23 0.33 0.0 Cone_Blue
-17.149363620344303 -0.8580388001301671 0.0 0.23 0.23 0.33 0.0 Cone_Blue
-19.84574528785062 -45.93663571809946 0.0 0.23 0.23 0.33 0.0 Cone_Blue
-36.39759036491398 -46.000469929572716 0.0 0.23 0.23 0.33 0.0 Cone_Blue
16.149146564390037 -3.6075152534874064 0.0 0.23 0.23 0.33 0.0 Cone_Blue
-12.283754421698157 -39.7438399787385 0.0 0.23 0.23 0.33 0.0 Cone_Blue
-35.546482550848864 -28.80182706882666 0.0 0.23 0.23 0.33 0.0 Cone_Blue
-7.002534747021269 -35.16225039947665 0.0 0.23 0.23 0.33 0.0 Cone_Blue
-26.25029152997338 -30.017885986522657 0.0 0.23 0.23 0.33 0.0 Cone_Blue
-24.551077330809452 -24.892136342621118 0.0 0.23 0.23 0.33 0.0 Cone_Blue
-24.262900866979848 -5.808984701166537 0.0 0.23 0.23 0.33 0.0 Cone_Blue
5.819839287953775 -16.80463229884841 0.0 0.23 0.23 0.33 0.0 Cone_Blue
-4.56371841124834 -13.671791547290681 0.0 0.23 0.23 0.33 0.0 Cone_Blue
0.40575351975907914 1.6098071729956374 0.0 0.23 0.23 0.33 0.0 Cone_Blue
-45.45855803982241 -32.69641766772414 0.0 0.23 0.23 0.33 0.0 Cone_Blue
-27.519430750160012 -30.449936668730583 0.0 0.23 0.23 0.33 0.0 Cone_Blue
-43.3925245330141 -30.445289118368812 0.0 0.23 0.23 0.33 0.0 Cone_Blue
-6.306063297118191 1.317073873013186 0.0 0.23 0.23 0.33 0.0 Cone_Blue
-32.723048534663185 -29.343009659298186 0.0 0.23 0.23 0.33 0.0 Cone_Blue
-1.6453382846243887 -29.55180014000632 0.0 0.23 0.23 0.33 0.0 Cone_Blue
-2.748407943206894 1.7444290370426856 0.0 0.23 0.23 0.33 0.0 Cone_Blue
13.397434706704713 -1.535880832806157 0.0 0.23 0.23 0.33 0.0 Cone_Blue
