-2.068489893827998 -23.13129395760296 0.0 0.23 0.23 0.33 0.0 Cone_Yellow
-3.9315070009853823 -21.471350423233687 0.0 0.23 0.23 0.33 0.0 Cone_Yellow
-0.2255951908652012 -63.634472660583945 0.0 0.23 0.23 0.33 0.0 Cone_Yellow
-11.833128510683519 -36.05961094013171 0.0 0.23 0.23 0.33 0.0 Cone_Yellow
-15.08550263175561 -17.03287816345334 0.0 0.23 0.23 0.33 0.0 Cone_Yellow
-7.808536410407636 -60.47549339472007 0.0 0.23 0.23 0.33 0.0 Cone_Yellow
-7.379493963355425 -35.96545661474711 0.0 0.23 0.23 0.33 0.0 Cone_Yellow
4.833481278219894 -44.52757278987136 0.0 0.23 0.23 0.33 0.0 Cone_Yellow
5.024422504468463 -40.15493679384996 0.0 0.23 0.23 0.33 0.0 Cone_Yellow
3.1041040987265784 -2.8705236644944883 0.0 0.23 0.23 0.33 0.0 Cone_Yellow
5.756529659467839 -27.16937906354724 0.0 0.23 0.23 0.33 0.0 Cone_Yellow
-7.068678694513761 -56.34523531706359 0.0 0.23 0.23 0.33 0.0 Cone_Yellow
3.2657098957564816 -47.03810149324515 0.0 0.23 0.23 0.33 0.0 Cone_Yellow
-15.155241972962179 -14.938436214454992 0.0 0.23 0.23 0.33 0.0 Cone_Yellow
1.8203954118507806 -1.6393660108129424 0.0 0.23 0.23 0.33 0.0 Cone_Yellow
-3.8862517107522283 -14.34958005955528 0.0 0.23 0.23 0.33 0.0 Cone_Yellow
-3.2252067914056255 -34.40074895013302 0.0 0.23 0.23 0.33 0.0 Cone_Yellow
-12.454324093332508 -34.26459046216681 0.0 0.23 0.23 0.33 0.0 Cone_Yellow
-14.963738129401987 -13.137816710294864 0.0 0.23 0.23 0.33 0.0 Cone_Yellow
-6.650954272780426 -62.28926402916922 0.0 0.23 0.23 0.33 0.0 Cone_Yellow
-8.151154582877059 -58.15858013443029 0.0 0.23 0.23 0.33 0.0 Cone_Yellow
-13.467925566196826 -27.38963628865731 0.0 0.23 0.23 0.33 0.0 Cone_Yellow
-4.397614661163919 -64.21490242760042 0.0 0.23 0.23 0.33 0.0 Cone_Yellow
14.527390286198019 -32.265906054724184 0.0 0.23 0.23 0.33 0.0 Cone_Yellow
-12.647131378792777 -7.370751208281572 0.0 0.23 0.23 0.33 0.0 Cone_Yellow
-14.693141064407659 -19.797799121741647 0.0 0.23 0.23 0.33 0.0 Cone_Yellow
-5.17298453011084 -54.13211805899437 0.0 0.23 0.23 0.33 0.0 Cone_Yellow
-1.155472694840217 -34.89158250411963 0.0 0.23 0.23 0.33 0.0 Cone_Yellow
-5.321544796858236 -34.87720978132576 0.0 0.23 0.23 0.33 0.0 Cone_Yellow
2.7936598702599493 -6.149918880084517 0.0 0.23 0.23 0.33 0.0 Cone_Yellow
8.506568844804699 -28.439601771410242 0.0 0.23 0.23 0.33 0.0 Cone_Yellow
6.642660808801741 -57.97413353675664 0.0 0.23 0.23 0.33 0.0 Cone_Yellow
-2.3966939493902313 -64.39167330248776 0.0 0.23 0.23 0.33 0.0 Cone_Yellow
15.283412400043654 -40.21988363616821 0.0 0.23 0.23 0.33 0.0 Cone_Yellow
-14.071984367653862 -23.960276463450228 0.0 0.23 0.23 0.33 0.0 Cone_Yellow
-5.011074020648412 -19.59652293150915 0.0 0.23 0.23 0.33 0.0 Cone_Yellow
-11.240704257334773 -5.840802184312281 0.0 0.23 0.23 0.33 0.0 Cone_Yellow
14.25525771763125 -43.0544291604228 0.0 0.23 0.23 0.33 0.0 Cone_Yellow
4.889695920586389 -60.29932619656831 0.0 0.23 0.23 0.33 0.0 Cone_Yellow
-2.7310319163673196 -52.18400514528663 0.0 0.23 0.23 0.33 0.0 Cone_Yellow
3.553721790819269 -38.20471994426472 0.0 0.23 0.23 0.33 0.0 Cone_Yellow
1.3069417859921426 -36.38289799701769 0.0 0.23 0.23 0.33 0.0 Cone_Yellow
13.10627530391458 -45.55960478601819 0.0 0.23 0.23 0.33 0.0 Cone_Yellow
-0.8452403635733354 -1.664603468783028 0.0 0.23 0.23 0.33 0.0 Cone_Yellow
-14.352077677045177 -22.15855265464301 0.0 0.23 0.23 0.33 0.0 Cone_Yellow
-0.3427829966150604 -24.361799523822608 0.0 0.23 0.23 0.33 0.0 Cone_Yellow
10.906824493729948 -29.166730815711574 0.0 0.23 0.23 0.33 0.0 Cone_Yellow
8.165217761470524 -55.466810717892955 0.0 0.23 0.23 0.33 0.0 Cone_Yellow
5.453015986199402 -42.271127772906304 0.0 0.23 0.23 0.33 0.0 Cone_Yellow
0.9364477142668157 -8.916591624553643 0.0 0.23 0.23 0.33 0.0 Cone_Yellow
-10.591452101290445 -36.88652418452298 0.0 0.23 0.23 0.33 0.0 Cone_Yellow
15.254107722748232 -34.510608836807364 0.0 0.23 0.23 0.33 0.0 Cone_Yellow
-13.766439709651403 -9.058594647784819 0.0 0.23 0.23 0.33 0.0 Cone_Yellow
-13.002695248673188 -31.518129384642588 0.0 0.23 0.23 0.33 0.0 Cone_Yellow
3.606915349796475 -4.4297899360301045 0.0 0.23 0.23 0.33 0.0 Cone_Yellow
-0.9307249393912205 -50.93396752717 0.0 0.23 0.23 0.33 0.0 Cone_Yellow
-3.7210975483667976 -2.08546084393495 0.0 0.23 0.23 0.33 0.0 Cone_Yellow
-5.190331018697366 -17.0655140409512 0.0 0.23 0.23 0.33 0.0 Cone_Yellow
15.724316150060739 -37.380648729961884 0.0 0.23 0.23 0.33 0.0 Cone_Yellow
-6.589867430099547 -3.304827868965827 0.0 0.23 0.23 0.33 0.0 Cone_Yellow
-14.551721512151936 -11.05863429029046 0.0 0.23 0.23 0.33 0.0 Cone_Yellow
9.547208166390915 -52.34732558205461 0.0 0.23 0.23 0.33 0.0 Cone_Yellow
11.18069695420442 -49.04961072065004 0.0 0.23 0.23 0.33 0.0 Cone_Yellow
12.949653992191484 -30.59298027397791 0.0 0.23 0.23 0.33 0.0 Cone_Yellow
2.361059978746157 -62.29568958031976 0.0 0.23 0.23 0.33 0.0 Cone_Yellow
1.1550907779873185 -49.34479027251174 0.0 0.23 0.23 0.33 0.0 Cone_Yellow
-8.969422189599339 -4.051499718252078 0.0 0.23 0.23 0.33 0.0 Cone_Yellow
-9.097142201697585 -36.96256667978631 0.0 0.23 0.23 0.33 0.0 Cone_Yellow
2.84668680163964 -26.021547976598306 0.0 0.23 0.23 0.33 0.0 Cone_Yellow
-1.6553886610620854 -11.617401777659616 0.0 0.23 0.23 0.33 0.0 Cone_Yellow
-4.884141814380765 -67.61528569586613 0.0 0.23 0.23 0.33 0.0 Cone_Blue
0.7173887660865628 -40.06398116604224 0.0 0.23 0.23 0.33 0.0 Cone_Blue
-7.046973875304261 0.26137278750750426 0.0 0.23 0.23 0.33 0.0 Cone_Blue
-4.47548952020165 -38.07241347012223 0.0 0.23 0.23 0.33 0.0 Cone_Blue
-3.757744105658828 0.9618281173173422 0.0 0.23 0.23 0.33 0.0 Cone_Blue
6.794003588794391 -6.005939427519245 0.0 0.23 0.23 0.33 0.0 Cone_Blue
7.035344195864221 -62.38630510080691 0.0 0.23 0.23 0.33 0.0 Cone_Blue
4.432200223067989 -64.66165619093945 0.0 0.23 0.23 0.33 0.0 Cone_Blue
-13.033780140270872 -3.017053439737051 0.0 0.23 0.23 0.33 0.0 Cone_Blue
13.76237963700928 -27.639741821541953 0.0 0.23 0.23 0.33 0.0 Cone_Blue
-7.391509106312048 -66.09011017975865 0.0 0.23 0.23 0.33 0.0 Cone_Blue
3.3318548167750013 -22.938573938588064 0.0 0.23 0.23 0.33 0.0 Cone_Blue
-15.703831016622066 -34.37929192877433 0.0 0.23 0.23 0.33 0.0 Cone_Blue
-0.1456195566023144 1.9205367892982892 0.0 0.23 0.23 0.33 0.0 Cone_Blue
16.252268769525664 -47.16272825831794 0.0 0.23 0.23 0.33 0.0 Cone_Blue
-15.497841369719518 -36.474709025773215 0.0 0.23 0.23 0.33 0.0 Cone_Blue
9.395617381180736 -25.656766132934163 0.0 0.23 0.23 0.33 0.0 Cone_Blue
-16.766382128878877 -27.736680807836876 0.0 0.23 0.23 0.33 0.0 Cone_Blue
5.888251243731501 -8.584004955797571 0.0 0.23 0.23 0.33 0.0 Cone_Blue
-11.358789783243273 -58.99754024806495 0.0 0.23 0.23 0.33 0.0 Cone_Blue
11.107200705161093 -26.336792202978188 0.0 0.23 0.23 0.33 0.0 Cone_Blue
-10.886103955471123 -56.83481537438682 0.0 0.23 0.23 0.33 0.0 Cone_Blue
-15.437325354705878 -5.9442069779330104 0.0 0.23 0.23 0.33 0.0 Cone_Blue
-9.226189767708016 -54.06696811754951 0.0 0.23 0.23 0.33 0.0 Cone_Blue
-10.305846001857358 -40.99124122895816 0.0 0.23 0.23 0.33 0.0 Cone_Blue
-9.412049459720299 -63.66747900799674 0.0 0.23 0.23 0.33 0.0 Cone_Blue
-0.9518147506021624 -47.13325179954909 0.0 0.23 0.23 0.33 0.0 Cone_Blue
-2.569011547324548 -37.82960287425493 0.0 0.23 0.23 0.33 0.0 Cone_Blue
17.3265491242052 -44.15524800168817 0.0 0.23 0.23 0.33 0.0 Cone_Blue
-1.3737433809475945 -18.92847566236856 0.0 0.23 0.23 0.33 0.0 Cone_Blue
-12.184343136599438 -40.53033507193992 0.0 0.23 0.23 0.33 0.0 Cone_Blue
-17.87154578619228 -10.103769485355418 0.0 0.23 0.23 0.33 0.0 Cone_Blue
9.164558840189413 -59.85915074071987 0.0 0.23 0.23 0.33 0.0 Cone_Blue
-8.428067696444515 -40.458126685165524 0.0 0.23 0.23 0.33 0.0 Cone_Blue
-0.2741684008715577 -20.051657353710148 0.0 0.23 0.23 0.33 0.0 Cone_Blue
-16.78642550787931 -7.811969801245564 0.0 0.23 0.23 0.33 0.0 Cone_Blue
18.841089845597004 -37.50051148073342 0.0 0.23 0.23 0.33 0.0 Cone_Blue
-17.758921687699186 -20.42774849461474 0.0 0.23 0.23 0.33 0.0 Cone_Blue
-18.693785537868177 -12.429725820835515 0.0 0.23 0.23 0.33 0.0 Cone_Blue
2.874163488515249 1.7116999970595401 0.0 0.23 0.23 0.33 0.0 Cone_Blue
16.273674121448998 -29.571075474905697 0.0 0.23 0.23 0.33 0.0 Cone_Blue
-11.059065688712275 -60.987444870417896 0.0 0.23 0.23 0.33 0.0 Cone_Blue
-17.354519994760274 -22.617655003792642 0.0 0.23 0.23 0.33 0.0 Cone_Blue
18.5663057442162 -34.55675660961273 0.0 0.23 0.23 0.33 0.0 Cone_Blue
-2.863696521735436 -48.55504003853559 0.0 0.23 0.23 0.33 0.0 Cone_Blue
-18.228367908191874 -17.180349975406415 0.0 0.23 0.23 0.33 0.0 Cone_Blue
0.3158399114711816 -14.55720442599223 0.0 0.23 0.23 0.33 0.0 Cone_Blue
-5.0246026551235214 -49.86504926537911 0.0 0.23 0.23 0.33 0.0 Cone_Blue
-6.455350123466793 -39.045678407620365 0.0 0.23 0.23 0.33 0.0 Cone_Blue
1.7705278965101972 -42.91093465041507 0.0 0.23 0.23 0.33 0.0 Cone_Blue
1.548606421327145 -41.06359403974853 0.0 0.23 0.23 0.33 0.0 Cone_Blue
6.2474397875849395 -24.277763627113984 0.0 0.23 0.23 0.33 0.0 Cone_Blue
-1.1937809790247709 -38.5966464767862 0.0 0.23 0.23 0.33 0.0 Cone_Blue
18.333533148212112 -40.897927417194175 0.0 0.23 0.23 0.33 0.0 Cone_Blue
-18.572397775805232 -14.87288876551732 0.0 0.23 0.23 0.33 0.0 Cone_Blue
-9.912595260814161 -0.7670222319428781 0.0 0.23 0.23 0.33 0.0 Cone_Blue
-1.5347669474624137 -67.76056043405688 0.0 0.23 0.23 0.33 0.0 Cone_Blue
-17.288499684229624 -24.562369175718324 0.0 0.23 0.23 0.33 0.0 Cone_Blue
4.261483240465372 -10.545222444774442 0.0 0.23 0.23 0.33 0.0 Cone_Blue
-16.17367656248814 -31.464500276488987 0.0 0.23 0.23 0.33 0.0 Cone_Blue
-1.6665804855104795 -17.80855688900067 0.0 0.23 0.23 0.33 0.0 Cone_Blue
1.7967072315104655 -21.951777435354547 0.0 0.23 0.23 0.33 0.0 Cone_Blue
17.869348829801602 -32.24351753593701 0.0 0.23 0.23 0.33 0.0 Cone_Blue
-7.316775551059271 -52.0307523097367 0.0 0.23 0.23 0.33 0.0 Cone_Blue
0.8133898180017329 -44.85207745019602 0.0 0.23 0.23 0.33 0.0 Cone_Blue
11.189410044055242 -57.12241220477608 0.0 0.23 0.23 0.33 0.0 Cone_Blue
6.168755093105462 -0.06765638617774528 0.0 0.23 0.23 0.33 0.0 Cone_Blue
-1.3657413008247836 -16.502081501873192 0.0 0.23 0.23 0.33 0.0 Cone_Blue
6.9949407364971865 -3.0093381296079684 0.0 0.23 0.23 0.33 0.0 Cone_Blue
14.47411023943708 -51.261958093131355 0.0 0.23 0.23 0.33 0.0 Cone_Blue
2.314916289557422 -12.660768555266198 0.0 0.23 0.23 0.33 0.0 Cone_Blue
-14.224123099712322 -38.97289207143996 0.0 0.23 0.23 0.33 0.0 Cone_Blue
12.964440548295544 -54.51164138186658 0.0 0.23 0.23 0.33 0.0 Cone_Blue
1.6752194735868517 -66.5117311833758 0.0 0.23 0.23 0.33 0.0 Cone_Blue
