-0.14710513076374276 -42.62365903486241 0.0 0.23 0.23 0.33 0.0 Cone_Yellow
1.770125317753914 -44.22067897404044 0.0 0.23 0.23 0.33 0.0 Cone_Yellow
-3.336985687792488 -2.2042527061728308 0.0 0.23 0.23 0.33 0.0 Cone_Yellow
9.181850185013126 -29.377522238242577 0.0 0.23 0.23 0.33 0.0 Cone_Yellow
13.065660868376916 -48.28547062389077 0.0 0.23 0.23 0.33 0.0 Cone_Yellow
4.346890300433278 -5.109110248077627 0.0 0.23 0.23 0.33 0.0 Cone_Yellow
4.733816472235806 -29.61984806876702 0.0 0.23 0.23 0.33 0.0 Cone_Yellow
-7.757353112541784 -21.46894136754763 0.0 0.23 0.23 0.33 0.0 Cone_Yellow
-7.8026606494003 -25.845509810139056 0.0 0.23 0.23 0.33 0.0 Cone_Yellow
-4.642524646816989 -63.045356928441336 0.0 0.23 0.23 0.33 0.0 Cone_Yellow
-8.102183311829029 -38.84823939388868 0.0 0.23 0.23 0.33 0.0 Cone_Yellow
3.7449036620568688 -9.261703812951339 0.0 0.23 0.23 0.33 0.0 Cone_Yellow
-6.274004424575407 -18.907625661110142 0.0 0.23 0.23 0.33 0.0 Cone_Yellow
13.20506775753174 -50.37643125783204 0.0 0.23 0.23 0.33 0.0 Cone_Yellow
-3.3185523315684815 -64.23310878360071 0.0 0.23 0.23 0.33 0.0 Cone_Yellow
1.961918341429298 -51.34001016385958 0.0 0.23 0.23 0.33 0.0 Cone_Yellow
0.6339065313661596 -31.32194984583178 0.0 0.23 0.23 0.33 0.0 Cone_Yellow
9.862442620862376 -31.15087398126503 0.0 0.23 0.23 0.33 0.0 Cone_Yellow
13.073597332675206 -52.18242678613443 0.0 0.23 0.23 0.33 0.0 Cone_Yellow
3.12958442506938 -3.334870488195051 0.0 0.23 0.23 0.33 0.0 Cone_Yellow
4.766429030966949 -7.413337129570657 0.0 0.23 0.23 0.33 0.0 Cone_Yellow
11.10429140471269 -37.98828536509282 0.0 0.23 0.23 0.33 0.0 Cone_Yellow
0.8134049788161164 -1.4852933961151749 0.0 0.23 0.23 0.33 0.0 Cone_Yellow
-17.037805126649772 -34.04644324163269 0.0 0.23 0.23 0.33 0.0 Cone_Yellow
10.950210567534604 -58.023397594750556 0.0 0.23 0.23 0.33 0.0 Cone_Yellow
12.581495929048842 -45.535139768041034 0.0 0.23 0.23 0.33 0.0 Cone_Yellow
1.9239155549136946 -11.536686598942964 0.0 0.23 0.23 0.33 0.0 Cone_Yellow
-1.4510166480547486 -30.900272072979142 0.0 0.23 0.23 0.33 0.0 Cone_Yellow
2.713225867660187 -30.775983679774143 0.0 0.23 0.23 0.33 0.0 Cone_Yellow
-4.441395610725438 -59.75744638983724 0.0 0.23 0.23 0.33 0.0 Cone_Yellow
-10.892973947543299 -37.6702458132319 0.0 0.23 0.23 0.33 0.0 Cone_Yellow
-10.013052181329984 -8.09004200307746 0.0 0.23 0.23 0.33 0.0 Cone_Yellow
-1.1922904582963625 -1.3752141039684176 0.0 0.23 0.23 0.33 0.0 Cone_Yellow
-18.058128770059007 -26.12203358125811 0.0 0.23 0.23 0.33 0.0 Cone_Yellow
11.822149827681358 -41.395641397405115 0.0 0.23 0.23 0.33 0.0 Cone_Yellow
2.9114913583479822 -46.05853822736994 0.0 0.23 0.23 0.33 0.0 Cone_Yellow
9.59548159012627 -59.599307066036076 0.0 0.23 0.23 0.33 0.0 Cone_Yellow
-17.12488161156527 -23.25483981012898 0.0 0.23 0.23 0.33 0.0 Cone_Yellow
-8.338444318972778 -5.707796148450072 0.0 0.23 0.23 0.33 0.0 Cone_Yellow
-0.4518481274842987 -13.564992152286049 0.0 0.23 0.23 0.33 0.0 Cone_Yellow
-6.267868524779564 -27.745699138531528 0.0 0.23 0.23 0.33 0.0 Cone_Yellow
-3.961700219251979 -29.491735605545298 0.0 0.23 0.23 0.33 0.0 Cone_Yellow
-16.05991173198234 -20.712812143543008 0.0 0.23 0.23 0.33 0.0 Cone_Yellow
-0.6552332130446406 -64.11916893363099 0.0 0.23 0.23 0.33 0.0 Cone_Yellow
12.162052052000952 -43.187045155102176 0.0 0.23 0.23 0.33 0.0 Cone_Yellow
-1.9128090945036806 -41.45126927201947 0.0 0.23 0.23 0.33 0.0 Cone_Yellow
-13.316099845863173 -37.02340370873062 0.0 0.23 0.23 0.33 0.0 Cone_Yellow
-11.45131818418143 -10.646648796692055 0.0 0.23 0.23 0.33 0.0 Cone_Yellow
-8.301446720543561 -23.74475540096716 0.0 0.23 0.23 0.33 0.0 Cone_Yellow
-2.6772913538774485 -56.93049551684213 0.0 0.23 0.23 0.33 0.0 Cone_Yellow
7.913340724832631 -28.592391950439616 0.0 0.23 0.23 0.33 0.0 Cone_Yellow
-17.838827063424546 -31.827170236956682 0.0 0.23 0.23 0.33 0.0 Cone_Yellow
12.012724849264828 -56.29923692447559 0.0 0.23 0.23 0.33 0.0 Cone_Yellow
10.50191634892662 -33.87756294876403 0.0 0.23 0.23 0.33 0.0 Cone_Yellow
-5.196952078925724 -61.5036887792353 0.0 0.23 0.23 0.33 0.0 Cone_Yellow
-2.2095546308972605 -14.874254198598894 0.0 0.23 0.23 0.33 0.0 Cone_Yellow
2.2050240291531082 -63.60283184799482 0.0 0.23 0.23 0.33 0.0 Cone_Yellow
3.1748848387455073 -48.582179039751324 0.0 0.23 0.23 0.33 0.0 Cone_Yellow
-18.404294253361996 -28.974369541058284 0.0 0.23 0.23 0.33 0.0 Cone_Yellow
5.031622290811576 -62.288663349186955 0.0 0.23 0.23 0.33 0.0 Cone_Yellow
12.731007287767637 -54.27416990843118 0.0 0.23 0.23 0.33 0.0 Cone_Yellow
-12.728721826890164 -13.81040051349963 0.0 0.23 0.23 0.33 0.0 Cone_Yellow
-14.251552773036172 -17.160653464621532 0.0 0.23 0.23 0.33 0.0 Cone_Yellow
-15.40526538191686 -35.66593281034821 0.0 0.23 0.23 0.33 0.0 Cone_Yellow
-5.877651177857691 -3.628381903286133 0.0 0.23 0.23 0.33 0.0 Cone_Yellow
-4.241324629933379 -16.531970164801578 0.0 0.23 0.23 0.33 0.0 Cone_Yellow
7.38500845432453 -61.4632099771783 0.0 0.23 0.23 0.33 0.0 Cone_Yellow
6.417327838413111 -28.566124465332884 0.0 0.23 0.23 0.33 0.0 Cone_Yellow
-5.155750909573262 -39.89859064959195 0.0 0.23 0.23 0.33 0.0 Cone_Yellow
-0.1767778406224938 -54.14492134808846 0.0 0.23 0.23 0.33 0.0 Cone_Yellow
1.1864927281475666 1.929398474788762 0.0 0.23 0.23 0.33 0.0 Cone_Blue
-3.494985793224741 -25.79307048078831 0.0 0.23 0.23 0.33 0.0 Cone_Blue
5.607164035551368 -65.83767520103254 0.0 0.23 0.23 0.33 0.0 Cone_Blue
1.7612981002340575 -27.610708072554427 0.0 0.23 0.23 0.33 0.0 Cone_Blue
2.343068650803401 -66.64721301104994 0.0 0.23 0.23 0.33 0.0 Cone_Blue
-8.434731354747688 -60.03448354383144 0.0 0.23 0.23 0.33 0.0 Cone_Blue
-10.552361743048062 -3.693383800564092 0.0 0.23 0.23 0.33 0.0 Cone_Blue
-8.02638697817279 -1.3326566639203676 0.0 0.23 0.23 0.33 0.0 Cone_Blue
11.481542750769549 -62.36181523666113 0.0 0.23 0.23 0.33 0.0 Cone_Blue
-16.119252567386752 -38.644583953009196 0.0 0.23 0.23 0.33 0.0 Cone_Blue
3.743231119927307 0.48851683926832834 0.0 0.23 0.23 0.33 0.0 Cone_Blue
-5.5380441309710005 -42.9960038953228 0.0 0.23 0.23 0.33 0.0 Cone_Blue
13.106331935753445 -30.928087573052498 0.0 0.23 0.23 0.33 0.0 Cone_Blue
-1.2351475750482326 -67.72560751988254 0.0 0.23 0.23 0.33 0.0 Cone_Blue
-19.257516734918696 -19.21528017450114 0.0 0.23 0.23 0.33 0.0 Cone_Blue
12.830717766830357 -28.840686946695612 0.0 0.23 0.23 0.33 0.0 Cone_Blue
-11.688913005283803 -40.48112868293105 0.0 0.23 0.23 0.33 0.0 Cone_Blue
14.389370515035708 -37.53165550063782 0.0 0.23 0.23 0.33 0.0 Cone_Blue
-7.615282684286543 -57.427701417307745 0.0 0.23 0.23 0.33 0.0 Cone_Blue
7.944365400624045 -6.468086855141195 0.0 0.23 0.23 0.33 0.0 Cone_Blue
-13.42218043333954 -39.85844340631997 0.0 0.23 0.23 0.33 0.0 Cone_Blue
7.543920173566849 -8.645345312727208 0.0 0.23 0.23 0.33 0.0 Cone_Blue
13.786336364455225 -59.3562896865584 0.0 0.23 0.23 0.33 0.0 Cone_Blue
5.977043674814381 -11.4669036739128 0.0 0.23 0.23 0.33 0.0 Cone_Blue
7.491281681218089 -24.499454249641666 0.0 0.23 0.23 0.33 0.0 Cone_Blue
5.843280942729537 -1.8655256106233438 0.0 0.23 0.23 0.33 0.0 Cone_Blue
-2.0619829596955253 -18.67216249451397 0.0 0.23 0.23 0.33 0.0 Cone_Blue
-0.13604261438563192 -27.916834613673412 0.0 0.23 0.23 0.33 0.0 Cone_Blue
-20.231108484514635 -22.256848006982768 0.0 0.23 0.23 0.33 0.0 Cone_Blue
-0.7015906436374948 -46.84727125142889 0.0 0.23 0.23 0.33 0.0 Cone_Blue
9.384077811955043 -24.897585858885055 0.0 0.23 0.23 0.33 0.0 Cone_Blue
16.08077177511773 -55.11801698314278 0.0 0.23 0.23 0.33 0.0 Cone_Blue
-12.596289336088736 -6.290001630689023 0.0 0.23 0.23 0.33 0.0 Cone_Blue
5.632286487532932 -25.094768747145164 0.0 0.23 0.23 0.33 0.0 Cone_Blue
-1.837937656346174 -45.761307294714754 0.0 0.23 0.23 0.33 0.0 Cone_Blue
15.07252717973398 -57.444661486794224 0.0 0.23 0.23 0.33 0.0 Cone_Blue
-21.523330522834584 -28.95830411470765 0.0 0.23 0.23 0.33 0.0 Cone_Blue
15.624612498850457 -44.80350557998539 0.0 0.23 0.23 0.33 0.0 Cone_Blue
16.82514469034842 -52.765983810148185 0.0 0.23 0.23 0.33 0.0 Cone_Blue
-4.260208115348336 -67.61738934723451 0.0 0.23 0.23 0.33 0.0 Cone_Blue
-18.69343353056958 -36.79789988772357 0.0 0.23 0.23 0.33 0.0 Cone_Blue
7.578580325401948 -4.489259874920634 0.0 0.23 0.23 0.33 0.0 Cone_Blue
15.147551450805278 -42.6282713386611 0.0 0.23 0.23 0.33 0.0 Cone_Blue
-21.150726051636212 -31.891282967625184 0.0 0.23 0.23 0.33 0.0 Cone_Blue
-0.19847959196196285 -17.187531597032148 0.0 0.23 0.23 0.33 0.0 Cone_Blue
16.201876967603603 -48.03348121915149 0.0 0.23 0.23 0.33 0.0 Cone_Blue
-2.244755446039429 -51.27235275538105 0.0 0.23 0.23 0.33 0.0 Cone_Blue
1.9176303566863488 -15.806329882234099 0.0 0.23 0.23 0.33 0.0 Cone_Blue
3.7076701719579734 -26.5720895644689 0.0 0.23 0.23 0.33 0.0 Cone_Blue
-4.642292402254727 -22.982744215905846 0.0 0.23 0.23 0.33 0.0 Cone_Blue
-4.359011590083687 -24.82167555079059 0.0 0.23 0.23 0.33 0.0 Cone_Blue
-8.496584167627903 -41.7545911535785 0.0 0.23 0.23 0.33 0.0 Cone_Blue
-1.536039694923728 -27.195985684524544 0.0 0.23 0.23 0.33 0.0 Cone_Blue
-21.129126122068882 -25.54587803685706 0.0 0.23 0.23 0.33 0.0 Cone_Blue
16.62251203275408 -50.32821430317646 0.0 0.23 0.23 0.33 0.0 Cone_Blue
8.436971381153713 -64.71447769930052 0.0 0.23 0.23 0.33 0.0 Cone_Blue
-2.1658616048782324 1.9631204934689777 0.0 0.23 0.23 0.33 0.0 Cone_Blue
15.016844697962002 -40.68683176024196 0.0 0.23 0.23 0.33 0.0 Cone_Blue
-6.054688154138082 -55.413429119928395 0.0 0.23 0.23 0.33 0.0 Cone_Blue
13.67292585121561 -33.82562731361927 0.0 0.23 0.23 0.33 0.0 Cone_Blue
-0.3716431823831794 -47.95682354923303 0.0 0.23 0.23 0.33 0.0 Cone_Blue
-3.9709049172517563 -43.93116170668988 0.0 0.23 0.23 0.33 0.0 Cone_Blue
-20.377167159179095 -34.180044770965786 0.0 0.23 0.23 0.33 0.0 Cone_Blue
4.13645556941564 -13.565539634004914 0.0 0.23 0.23 0.33 0.0 Cone_Blue
-3.7502887175339072 -21.010821779064898 0.0 0.23 0.23 0.33 0.0 Cone_Blue
-14.528936027206653 -9.092614158176115 0.0 0.23 0.23 0.33 0.0 Cone_Blue
-7.612194233142093 -65.94866766710881 0.0 0.23 0.23 0.33 0.0 Cone_Blue
-0.6288342388776265 -49.27258755264379 0.0 0.23 0.23 0.33 0.0 Cone_Blue
-8.535825782586015 -63.03611226714659 0.0 0.23 0.23 0.33 0.0 Cone_Blue
-17.616771816457693 -15.05914144855663 0.0 0.23 0.23 0.33 0.0 Cone_Blue
-4.179608128401236 -53.234270305829114 0.0 0.23 0.23 0.33 0.0 Cone_Blue
11.474561820716223 -26.38627911366823 0.0 0.23 0.23 0.33 0.0 Cone_Blue
-16.216092810262374 -11.761014347452122 0.0 0.23 0.23 0.33 0.0 Cone_Blue
-5.332506830529132 0.6081498902676827 0.0 0.23 0.23 0.33 0.0 Cone_Blue
