14.012888291458886 -39.516919532054516 0.0 0.23 0.23 0.33 0.0 Cone_Yellow
16.39972121886747 -40.2444316319495 0.0 0.23 0.23 0.33 0.0 Cone_Yellow
-4.61753327273675 -3.5056554849237216 0.0 0.23 0.23 0.33 0.0 Cone_Yellow
17.46811826579473 -23.68811878332505 0.0 0.23 0.23 0.33 0.0 Cone_Yellow
28.387360116321005 -39.60555120781682 0.0 0.23 0.23 0.33 0.0 Cone_Yellow
3.591402509116147 -3.199843662704801 0.0 0.23 0.23 0.33 0.0 Cone_Yellow
13.462986036003125 -25.63815507530207 0.0 0.23 0.23 0.33 0.0 Cone_Yellow
-1.2127395647341501 -22.975510574149048 0.0 0.23 0.23 0.33 0.0 Cone_Yellow
0.4444780096027685 -27.026440592909204 0.0 0.23 0.23 0.33 0.0 Cone_Yellow
17.79766359744844 -60.08218192680869 0.0 0.23 0.23 0.33 0.0 Cone_Yellow
5.21606916463918 -39.125721906384165 0.0 0.23 0.23 0.33 0.0 Cone_Yellow
4.648651379864109 -7.26046505026563 0.0 0.23 0.23 0.33 0.0 Cone_Yellow
-0.8400163356001791 -20.03923080672243 0.0 0.23 0.23 0.33 0.0 Cone_Yellow
29.327539413817657 -41.47841360051807 0.0 0.23 0.23 0.33 0.0 Cone_Yellow
19.478887135436022 -60.662823448141395 0.0 0.23 0.23 0.33 0.0 Cone_Yellow
19.340178064735753 -46.730985007344515 0.0 0.23 0.23 0.33 0.0 Cone_Yellow
10.345357463218665 -28.798345586155282 0.0 0.23 0.23 0.33 0.0 Cone_Yellow
18.783746432833805 -25.05819359672371 0.0 0.23 0.23 0.33 0.0 Cone_Yellow
29.907461921839392 -43.193812739363004 0.0 0.23 0.23 0.33 0.0 Cone_Yellow
1.7808072300468964 -2.0373011666403293 0.0 0.23 0.23 0.33 0.0 Cone_Yellow
4.872534048130511 -5.160500758567199 0.0 0.23 0.23 0.33 0.0 Cone_Yellow
22.58246928267505 -30.877307579431246 0.0 0.23 0.23 0.33 0.0 Cone_Yellow
-1.0717296365744389 -1.231909292234544 0.0 0.23 0.23 0.33 0.0 Cone_Yellow
-4.882832298075968 -38.16928437486905 0.0 0.23 0.23 0.33 0.0 Cone_Yellow
30.218047930106852 -49.401005959567165 0.0 0.23 0.23 0.33 0.0 Cone_Yellow
26.873494249345768 -37.25886297928688 0.0 0.23 0.23 0.33 0.0 Cone_Yellow
3.8536140053514174 -10.063937885169345 0.0 0.23 0.23 0.33 0.0 Cone_Yellow
8.26024751082748 -29.21909883289709 0.0 0.23 0.23 0.33 0.0 Cone_Yellow
12.049666310026563 -27.48801001407527 0.0 0.23 0.23 0.33 0.0 Cone_Yellow
16.706661451578647 -56.97404375151298 0.0 0.23 0.23 0.33 0.0 Cone_Yellow
2.186848760107136 -39.12348824889976 0.0 0.23 0.23 0.33 0.0 Cone_Yellow
-8.485190593549351 -11.52149020892195 0.0 0.23 0.23 0.33 0.0 Cone_Yellow
-2.9628634993538547 -1.9090683208698813 0.0 0.23 0.23 0.33 0.0 Cone_Yellow
-8.89937259313863 -31.26242308620285 0.0 0.23 0.23 0.33 0.0 Cone_Yellow
24.566756906483793 -33.738775467135305 0.0 0.23 0.23 0.33 0.0 Cone_Yellow
18.16502905965788 -41.495083982090875 0.0 0.23 0.23 0.33 0.0 Cone_Yellow
29.581325566576478 -51.379228873117995 0.0 0.23 0.23 0.33 0.0 Cone_Yellow
-9.15235092676285 -28.25780125596281 0.0 0.23 0.23 0.33 0.0 Cone_Yellow
-7.866693014115601 -8.675990683567477 0.0 0.23 0.23 0.33 0.0 Cone_Yellow
2.4515491797086426 -12.855441192890641 0.0 0.23 0.23 0.33 0.0 Cone_Yellow
2.596554370696694 -28.181807930839085 0.0 0.23 0.23 0.33 0.0 Cone_Yellow
5.399671019171471 -28.895665516499854 0.0 0.23 0.23 0.33 0.0 Cone_Yellow
-9.15770812785707 -25.501710400692637 0.0 0.23 0.23 0.33 0.0 Cone_Yellow
21.889107778346585 -59.52392596856147 0.0 0.23 0.23 0.33 0.0 Cone_Yellow
25.57542079141566 -35.257741599879125 0.0 0.23 0.23 0.33 0.0 Cone_Yellow
11.930538857117602 -39.12191437147509 0.0 0.23 0.23 0.33 0.0 Cone_Yellow
-0.29734898208384664 -39.46802475633746 0.0 0.23 0.23 0.33 0.0 Cone_Yellow
-8.81819467560208 -14.435929378548039 0.0 0.23 0.23 0.33 0.0 Cone_Yellow
-0.8306985419219863 -25.284062506825958 0.0 0.23 0.23 0.33 0.0 Cone_Yellow
17.23500351259173 -53.68397236415352 0.0 0.23 0.23 0.33 0.0 Cone_Yellow
15.99430457439367 -23.456993227767555 0.0 0.23 0.23 0.33 0.0 Cone_Yellow
-6.48255085605139 -36.435009498228354 0.0 0.23 0.23 0.33 0.0 Cone_Yellow
30.527921444386134 -47.3995952018885 0.0 0.23 0.23 0.33 0.0 Cone_Yellow
20.43156348230869 -27.322803573259414 0.0 0.23 0.23 0.33 0.0 Cone_Yellow
16.688245046775364 -58.87664431264084 0.0 0.23 0.23 0.33 0.0 Cone_Yellow
1.3399404756165616 -14.744362934795863 0.0 0.23 0.23 0.33 0.0 Cone_Yellow
24.324612419989286 -57.937737890783566 0.0 0.23 0.23 0.33 0.0 Cone_Yellow
19.38743672585688 -43.718562916790006 0.0 0.23 0.23 0.33 0.0 Cone_Yellow
-8.111121462695294 -34.02544880536552 0.0 0.23 0.23 0.33 0.0 Cone_Yellow
26.419381765391503 -55.62935361479467 0.0 0.23 0.23 0.33 0.0 Cone_Yellow
30.403748027572796 -45.254506149310615 0.0 0.23 0.23 0.33 0.0 Cone_Yellow
-8.767259816420555 -17.84745259144409 0.0 0.23 0.23 0.33 0.0 Cone_Yellow
-8.870105673482584 -21.52612513146802 0.0 0.23 0.23 0.33 0.0 Cone_Yellow
-2.749640927531864 -39.02802010717973 0.0 0.23 0.23 0.33 0.0 Cone_Yellow
-6.406107309127236 -5.804378612842498 0.0 0.23 0.23 0.33 0.0 Cone_Yellow
0.11103020981164846 -17.06080225240939 0.0 0.23 0.23 0.33 0.0 Cone_Yellow
28.267767934385525 -53.95505726281684 0.0 0.23 0.23 0.33 0.0 Cone_Yellow
14.605417586174289 -24.013533856169467 0.0 0.23 0.23 0.33 0.0 Cone_Yellow
8.339174930433884 -38.94990371312764 0.0 0.23 0.23 0.33 0.0 Cone_Yellow
18.458065215855747 -50.146160703026354 0.0 0.23 0.23 0.33 0.0 Cone_Yellow
-2.053474874800269 2.059821457559483 0.0 0.23 0.23 0.33 0.0 Cone_Blue
4.393972265098931 -25.305886125421274 0.0 0.23 0.23 0.33 0.0 Cone_Blue
28.32750411389143 -58.67661509481795 0.0 0.23 0.23 0.33 0.0 Cone_Blue
9.943640885993034 -24.940502789869335 0.0 0.23 0.23 0.33 0.0 Cone_Blue
25.63365153173097 -60.689778876572475 0.0 0.23 0.23 0.33 0.0 Cone_Blue
13.134042934974536 -58.77955666589393 0.0 0.23 0.23 0.33 0.0 Cone_Blue
-10.688976221099779 -7.678992705879061 0.0 0.23 0.23 0.33 0.0 Cone_Blue
-9.277525573211832 -4.522826012713214 0.0 0.23 0.23 0.33 0.0 Cone_Blue
32.39187296800453 -53.19292713875737 0.0 0.23 0.23 0.33 0.0 Cone_Blue
-2.2513303515193854 -42.0502422863924 0.0 0.23 0.23 0.33 0.0 Cone_Blue
0.8621009540405957 1.7244579564753764 0.0 0.23 0.23 0.33 0.0 Cone_Blue
9.189269927266277 -41.95281154027054 0.0 0.23 0.23 0.33 0.0 Cone_Blue
21.686752872921005 -23.59360994265648 0.0 0.23 0.23 0.33 0.0 Cone_Blue
22.754682063565106 -63.072655473670395 0.0 0.23 0.23 0.33 0.0 Cone_Blue
-12.685882942554706 -25.362921964432953 0.0 0.23 0.23 0.33 0.0 Cone_Blue
20.622430159589957 -21.776903662897997 0.0 0.23 0.23 0.33 0.0 Cone_Blue
2.5445072470538115 -42.022912656867646 0.0 0.23 0.23 0.33 0.0 Cone_Blue
25.432657870479588 -29.181229571749512 0.0 0.23 0.23 0.33 0.0 Cone_Blue
12.877281701505275 -56.059100298357166 0.0 0.23 0.23 0.33 0.0 Cone_Blue
7.434301315511538 -3.0557142804004833 0.0 0.23 0.23 0.33 0.0 Cone_Blue
0.7054443367999035 -42.121910348737586 0.0 0.23 0.23 0.33 0.0 Cone_Blue
7.910466276286964 -5.217675820560817 0.0 0.23 0.23 0.33 0.0 Cone_Blue
33.349179324149986 -49.52839142812634 0.0 0.23 0.23 0.33 0.0 Cone_Blue
7.561791284673394 -8.426214319339103 0.0 0.23 0.23 0.33 0.0 Cone_Blue
14.016477715581136 -19.84888101007396 0.0 0.23 0.23 0.33 0.0 Cone_Blue
3.7112899570454267 0.37026183356701736 0.0 0.23 0.23 0.33 0.0 Cone_Blue
2.9502766671831218 -18.18713829378354 0.0 0.23 0.23 0.33 0.0 Cone_Blue
8.31393413629379 -25.959164243206878 0.0 0.23 0.23 0.33 0.0 Cone_Blue
-12.402393693183235 -28.5439044573051 0.0 0.23 0.23 0.33 0.0 Cone_Blue
15.14148232053331 -43.62455021864916 0.0 0.23 0.23 0.33 0.0 Cone_Blue
15.915387376655776 -19.48101137298914 0.0 0.23 0.23 0.33 0.0 Cone_Blue
33.818390724891856 -44.73180618197113 0.0 0.23 0.23 0.33 0.0 Cone_Blue
-11.56461149593273 -10.865421275105742 0.0 0.23 0.23 0.33 0.0 Cone_Blue
12.5343712647541 -21.119165603973784 0.0 0.23 0.23 0.33 0.0 Cone_Blue
13.672683599258583 -43.06487838180556 0.0 0.23 0.23 0.33 0.0 Cone_Blue
33.792413447463844 -47.26738441810376 0.0 0.23 0.23 0.33 0.0 Cone_Blue
-10.991787925406435 -35.22144465770807 0.0 0.23 0.23 0.33 0.0 Cone_Blue
29.393939966079884 -35.40327670224945 0.0 0.23 0.23 0.33 0.0 Cone_Blue
33.59133430321626 -42.275264616035 0.0 0.23 0.23 0.33 0.0 Cone_Blue
19.924847961087842 -64.14724441732689 0.0 0.23 0.23 0.33 0.0 Cone_Blue
-5.340512236669316 -41.347672041751885 0.0 0.23 0.23 0.33 0.0 Cone_Blue
6.329027225044328 -1.374070999604605 0.0 0.23 0.23 0.33 0.0 Cone_Blue
28.10987181338214 -33.58382617326576 0.0 0.23 0.23 0.33 0.0 Cone_Blue
-9.509830087943904 -37.77976442106875 0.0 0.23 0.23 0.33 0.0 Cone_Blue
4.0913075446833105 -16.095530720670656 0.0 0.23 0.23 0.33 0.0 Cone_Blue
31.17980094903267 -38.155853212731614 0.0 0.23 0.23 0.33 0.0 Cone_Blue
15.437142774636445 -48.30165282815767 0.0 0.23 0.23 0.33 0.0 Cone_Blue
5.505285587120824 -14.0011798457612 0.0 0.23 0.23 0.33 0.0 Cone_Blue
11.334182389666864 -23.227760260040295 0.0 0.23 0.23 0.33 0.0 Cone_Blue
2.245680697021843 -23.161337336342093 0.0 0.23 0.23 0.33 0.0 Cone_Blue
3.2206137061562323 -24.74608403555476 0.0 0.23 0.23 0.33 0.0 Cone_Blue
5.9808365050362795 -41.9572521465845 0.0 0.23 0.23 0.33 0.0 Cone_Blue
6.743898418108071 -25.838321999801188 0.0 0.23 0.23 0.33 0.0 Cone_Blue
-11.953192983432679 -31.923604582631754 0.0 0.23 0.23 0.33 0.0 Cone_Blue
32.45825737777763 -40.107335455733995 0.0 0.23 0.23 0.33 0.0 Cone_Blue
30.499365294944525 -56.54297940629081 0.0 0.23 0.23 0.33 0.0 Cone_Blue
-5.156015976448192 0.7895240666757424 0.0 0.23 0.23 0.33 0.0 Cone_Blue
27.23575402106431 -31.845381472665665 0.0 0.23 0.23 0.33 0.0 Cone_Blue
13.533553626764014 -53.596976147215244 0.0 0.23 0.23 0.33 0.0 Cone_Blue
23.333729418161916 -26.043963687042957 0.0 0.23 0.23 0.33 0.0 Cone_Blue
15.876279255658392 -44.5190026169809 0.0 0.23 0.23 0.33 0.0 Cone_Blue
10.996533997565235 -42.20627165063085 0.0 0.23 0.23 0.33 0.0 Cone_Blue
-7.908445458746691 -39.58873960660925 0.0 0.23 0.23 0.33 0.0 Cone_Blue
6.680233659671707 -11.074778764567586 0.0 0.23 0.23 0.33 0.0 Cone_Blue
2.3022352443357974 -20.997786954758528 0.0 0.23 0.23 0.33 0.0 Cone_Blue
-12.257726349400528 -14.19849073310072 0.0 0.23 0.23 0.33 0.0 Cone_Blue
16.18794379091141 -63.910621927859836 0.0 0.23 0.23 0.33 0.0 Cone_Blue
16.15003406879905 -45.831420406594624 0.0 0.23 0.23 0.33 0.0 Cone_Blue
14.20610078560989 -61.58503114285172 0.0 0.23 0.23 0.33 0.0 Cone_Blue
-12.78721302171747 -20.895790310697187 0.0 0.23 0.23 0.33 0.0 Cone_Blue
14.415639435933247 -50.86081407868821 0.0 0.23 0.23 0.33 0.0 Cone_Blue
18.419834555977715 -20.041435608465733 0.0 0.23 0.23 0.33 0.0 Cone_Blue
-12.776704384905607 -17.312574768479728 0.0 0.23 0.23 0.33 0.0 Cone_Blue
-7.54832527952356 -1.6884677652511364 0.0 0.23 0.23 0.33 0.0 Cone_Blue
