12.831409357259929 4.6022340429265025 0.0 0.23 0.23 0.33 0.0 Cone_Yellow
12.66881533110539 2.112292585479303 0.0 0.23 0.23 0.33 0.0 Cone_Yellow
43.62994375210984 30.971800309004305 0.0 0.23 0.23 0.33 0.0 Cone_Yellow
29.0309334992205 4.857116157960347 0.0 0.23 0.23 0.33 0.0 Cone_Yellow
16.031263179730963 -9.411838574714695 0.0 0.23 0.23 0.33 0.0 Cone_Yellow
45.80429645149495 23.050162985832394 0.0 0.23 0.23 0.33 0.0 Cone_Yellow
26.21692699333349 8.310388968348853 0.0 0.23 0.23 0.33 0.0 Cone_Yellow
25.45405219637032 23.20618098125687 0.0 0.23 0.23 0.33 0.0 Cone_Yellow
21.889253311910082 20.66676903772854 0.0 0.23 0.23 0.33 0.0 Cone_Yellow
-6.324013857959002 -3.7837246338003268 0.0 0.23 0.23 0.33 0.0 Cone_Yellow
11.201212454884821 13.255529391624464 0.0 0.23 0.23 0.33 0.0 Cone_Yellow
42.092904399212244 21.092615984591536 0.0 0.23 0.23 0.33 0.0 Cone_Yellow
28.397782131347768 23.5145890681363 0.0 0.23 0.23 0.33 0.0 Cone_Yellow
14.422931228771606 -10.755274091946237 0.0 0.23 0.23 0.33 0.0 Cone_Yellow
-6.504935586072104 -5.553166491922717 0.0 0.23 0.23 0.33 0.0 Cone_Yellow
7.026253140377449 -2.2331824263035993 0.0 0.23 0.23 0.33 0.0 Cone_Yellow
22.427704892196516 10.623008230351108 0.0 0.23 0.23 0.33 0.0 Cone_Yellow
27.997905544869543 3.26311624775161 0.0 0.23 0.23 0.33 0.0 Cone_Yellow
12.88553456507868 -11.711995482595604 0.0 0.23 0.23 0.33 0.0 Cone_Yellow
46.522133808454 25.078578586417667 0.0 0.23 0.23 0.33 0.0 Cone_Yellow
44.188439618723606 21.354733552385206 0.0 0.23 0.23 0.33 0.0 Cone_Yellow
23.201315396933907 -1.7653135057972196 0.0 0.23 0.23 0.33 0.0 Cone_Yellow
46.65408095042536 28.03969536873448 0.0 0.23 0.23 0.33 0.0 Cone_Yellow
9.82361874320031 23.305644767621306 0.0 0.23 0.23 0.33 0.0 Cone_Yellow
6.913721571756902 -13.433378912942592 0.0 0.23 0.23 0.33 0.0 Cone_Yellow
17.969723124618703 -7.401587707986986 0.0 0.23 0.23 0.33 0.0 Cone_Yellow
39.181919482251004 21.22569932742306 0.0 0.23 0.23 0.33 0.0 Cone_Yellow
21.54141834005659 12.556712694766617 0.0 0.23 0.23 0.33 0.0 Cone_Yellow
24.09296138315678 9.263387409651227 0.0 0.23 0.23 0.33 0.0 Cone_Yellow
-3.5475979048793214 -2.0110647525744745 0.0 0.23 0.23 0.33 0.0 Cone_Yellow
10.510878913473467 16.2050413597408 0.0 0.23 0.23 0.33 0.0 Cone_Yellow
34.942199846543225 32.90454067050694 0.0 0.23 0.23 0.33 0.0 Cone_Yellow
45.56252343530605 29.725943816680367 0.0 0.23 0.23 0.33 0.0 Cone_Yellow
15.629355639621139 28.794792961309987 0.0 0.23 0.23 0.33 0.0 Cone_Yellow
20.869250864219165 -4.351211968926819 0.0 0.23 0.23 0.33 0.0 Cone_Yellow
11.854848292670553 0.1078223976212116 0.0 0.23 0.23 0.33 0.0 Cone_Yellow
4.842324798876639 -13.265758290051322 0.0 0.23 0.23 0.33 0.0 Cone_Yellow
18.49657660450529 29.727956568919648 0.0 0.23 0.23 0.33 0.0 Cone_Yellow
37.85373986914471 32.95292973278012 0.0 0.23 0.23 0.33 0.0 Cone_Yellow
36.14381497937124 21.95247131498545 0.0 0.23 0.23 0.33 0.0 Cone_Yellow
21.25646686374843 18.307555681425757 0.0 0.23 0.23 0.33 0.0 Cone_Yellow
21.202332098981692 15.415475975607544 0.0 0.23 0.23 0.33 0.0 Cone_Yellow
21.178456631959712 30.36323998633939 0.0 0.23 0.23 0.33 0.0 Cone_Yellow
-4.845199183227113 -7.6391976732756905 0.0 0.23 0.23 0.33 0.0 Cone_Yellow
19.621099594973096 -5.680414494604527 0.0 0.23 0.23 0.33 0.0 Cone_Yellow
12.73990957867481 6.719741075761272 0.0 0.23 0.23 0.33 0.0 Cone_Yellow
9.607555555332086 18.54468892676886 0.0 0.23 0.23 0.33 0.0 Cone_Yellow
32.02881229962581 32.56245823368635 0.0 0.23 0.23 0.33 0.0 Cone_Yellow
23.293972911773167 22.306500563979764 0.0 0.23 0.23 0.33 0.0 Cone_Yellow
-0.22386945590137586 -1.7732743725931388 0.0 0.23 0.23 0.33 0.0 Cone_Yellow
28.91901088369621 6.344738135321252 0.0 0.23 0.23 0.33 0.0 Cone_Yellow
11.14625639010631 25.259471389270484 0.0 0.23 0.23 0.33 0.0 Cone_Yellow
8.932971437461406 -13.277505260082243 0.0 0.23 0.23 0.33 0.0 Cone_Yellow
26.16997276596096 1.1412253150793608 0.0 0.23 0.23 0.33 0.0 Cone_Yellow
-5.404024426828155 -2.4280882864126503 0.0 0.23 0.23 0.33 0.0 Cone_Yellow
34.05079107818452 22.602817535945206 0.0 0.23 0.23 0.33 0.0 Cone_Yellow
-2.7442370640217284 -9.647588484649797 0.0 0.23 0.23 0.33 0.0 Cone_Yellow
9.969704779268472 -1.5905217987391587 0.0 0.23 0.23 0.33 0.0 Cone_Yellow
13.11970125244879 27.395762644859992 0.0 0.23 0.23 0.33 0.0 Cone_Yellow
-0.018099036944558833 -11.159166479128876 0.0 0.23 0.23 0.33 0.0 Cone_Yellow
10.99286756652439 -12.666232801677722 0.0 0.23 0.23 0.33 0.0 Cone_Yellow
28.719276391279347 31.732966182263457 0.0 0.23 0.23 0.33 0.0 Cone_Yellow
25.11451003218631 30.992109635155902 0.0 0.23 0.23 0.33 0.0 Cone_Yellow
9.475291290233153 21.032629046861683 0.0 0.23 0.23 0.33 0.0 Cone_Yellow
40.9832101334559 32.18750021209137 0.0 0.23 0.23 0.33 0.0 Cone_Yellow
31.514754785357766 23.269624460813326 0.0 0.23 0.23 0.33 0.0 Cone_Yellow
2.034417333982095 -12.575844371612819 0.0 0.23 0.23 0.33 0.0 Cone_Yellow
28.059695903527313 7.569614578871549 0.0 0.23 0.23 0.33 0.0 Cone_Yellow
12.08634579117559 10.255322625682007 0.0 0.23 0.23 0.33 0.0 Cone_Yellow
3.499858061807789 -2.1551705017354936 0.0 0.23 0.23 0.33 0.0 Cone_Yellow
49.6342047729775 29.747962632418908 0.0 0.23 0.23 0.33 0.0 Cone_Blue
24.467135714629688 17.21519912426329 0.0 0.23 0.23 0.33 0.0 Cone_Blue
-2.548449114235307 -13.713390805775465 0.0 0.23 0.23 0.33 0.0 Cone_Blue
26.091549084645482 11.896025505462186 0.0 0.23 0.23 0.33 0.0 Cone_Blue
-5.124140621249822 -11.551104190344 0.0 0.23 0.23 0.33 0.0 Cone_Blue
-6.122031595511821 1.054187459188086 0.0 0.23 0.23 0.33 0.0 Cone_Blue
38.17913531745922 35.92839696838462 0.0 0.23 0.23 0.33 0.0 Cone_Blue
41.57439196603849 35.275853163915535 0.0 0.23 0.23 0.33 0.0 Cone_Blue
3.7191738045640754 -16.416505810629882 0.0 0.23 0.23 0.33 0.0 Cone_Blue
6.647021304108911 19.85660642111011 0.0 0.23 0.23 0.33 0.0 Cone_Blue
49.974250123224245 26.83292914181266 0.0 0.23 0.23 0.33 0.0 Cone_Blue
9.357299880010048 8.741246888901907 0.0 0.23 0.23 0.33 0.0 Cone_Blue
30.08735881188272 0.7718039999760218 0.0 0.23 0.23 0.33 0.0 Cone_Blue
-8.102073746881903 -9.293122707937346 0.0 0.23 0.23 0.33 0.0 Cone_Blue
20.506996025672493 33.82971087289107 0.0 0.23 0.23 0.33 0.0 Cone_Blue
31.612641419157715 2.223257586202838 0.0 0.23 0.23 0.33 0.0 Cone_Blue
7.770000418278073 15.19401882518463 0.0 0.23 0.23 0.33 0.0 Cone_Blue
25.504057987066535 -4.152284841566074 0.0 0.23 0.23 0.33 0.0 Cone_Blue
-3.532315699484002 1.9260709127211677 0.0 0.23 0.23 0.33 0.0 Cone_Blue
46.82313155704712 19.341980204100473 0.0 0.23 0.23 0.33 0.0 Cone_Blue
7.2531974188695365 16.96174832674009 0.0 0.23 0.23 0.33 0.0 Cone_Blue
44.82727830458054 18.384180347334304 0.0 0.23 0.23 0.33 0.0 Cone_Blue
7.5055153446938405 -16.510713960459448 0.0 0.23 0.23 0.33 0.0 Cone_Blue
41.62399717863271 17.990119976241818 0.0 0.23 0.23 0.33 0.0 Cone_Blue
31.97942428564479 9.095036786028766 0.0 0.23 0.23 0.33 0.0 Cone_Blue
49.30726667931907 23.749609794145268 0.0 0.23 0.23 0.33 0.0 Cone_Blue
31.06732432952858 20.248075303346027 0.0 0.23 0.23 0.33 0.0 Cone_Blue
24.727297405446357 13.249699248405214 0.0 0.23 0.23 0.33 0.0 Cone_Blue
17.47505981795664 32.826526639158345 0.0 0.23 0.23 0.33 0.0 Cone_Blue
9.090563063522401 2.5644844639677244 0.0 0.23 0.23 0.33 0.0 Cone_Blue
32.77166055501855 7.330512015927686 0.0 0.23 0.23 0.33 0.0 Cone_Blue
12.282344701530597 -15.870955679635708 0.0 0.23 0.23 0.33 0.0 Cone_Blue
34.876910573942624 36.05239658379739 0.0 0.23 0.23 0.33 0.0 Cone_Blue
30.403955693604736 10.247495547363716 0.0 0.23 0.23 0.33 0.0 Cone_Blue
9.299632716252756 4.12233302171696 0.0 0.23 0.23 0.33 0.0 Cone_Blue
9.80797437800201 -16.425323168340686 0.0 0.23 0.23 0.33 0.0 Cone_Blue
11.29683023817344 29.926728194511757 0.0 0.23 0.23 0.33 0.0 Cone_Blue
20.352367628366984 -9.431083263855754 0.0 0.23 0.23 0.33 0.0 Cone_Blue
14.621925520094948 -15.088323788385543 0.0 0.23 0.23 0.33 0.0 Cone_Blue
-9.795132168606894 -6.783888636353328 0.0 0.23 0.23 0.33 0.0 Cone_Blue
6.624770454298755 23.024595462738166 0.0 0.23 0.23 0.33 0.0 Cone_Blue
48.20756600365434 20.80242404141548 0.0 0.23 0.23 0.33 0.0 Cone_Blue
21.830085954623215 -7.765076122082917 0.0 0.23 0.23 0.33 0.0 Cone_Blue
9.145048659569134 27.89915943326157 0.0 0.23 0.23 0.33 0.0 Cone_Blue
33.36439276883773 19.61542193186854 0.0 0.23 0.23 0.33 0.0 Cone_Blue
18.080948656684278 -11.79891618692511 0.0 0.23 0.23 0.33 0.0 Cone_Blue
4.604909075900242 1.207424322588159 0.0 0.23 0.23 0.33 0.0 Cone_Blue
35.72653013105646 18.717676659678375 0.0 0.23 0.23 0.33 0.0 Cone_Blue
28.076825948899263 10.933856903197832 0.0 0.23 0.23 0.33 0.0 Cone_Blue
26.063773592501143 19.796864024508526 0.0 0.23 0.23 0.33 0.0 Cone_Blue
24.743872548681047 18.48546107061225 0.0 0.23 0.23 0.33 0.0 Cone_Blue
8.619499053076186 11.86370020058531 0.0 0.23 0.23 0.33 0.0 Cone_Blue
24.486014720283922 14.805783330327229 0.0 0.23 0.23 0.33 0.0 Cone_Blue
14.287551555326713 31.616590570417788 0.0 0.23 0.23 0.33 0.0 Cone_Blue
16.473412155404176 -13.489643894749475 0.0 0.23 0.23 0.33 0.0 Cone_Blue
0.025191887501023302 -15.339968266366768 0.0 0.23 0.23 0.33 0.0 Cone_Blue
47.688277242673365 32.477941166309826 0.0 0.23 0.23 0.33 0.0 Cone_Blue
23.32266210626777 -6.51668182402117 0.0 0.23 0.23 0.33 0.0 Cone_Blue
-0.9853630306206185 1.850042772609156 0.0 0.23 0.23 0.33 0.0 Cone_Blue
28.078408938890572 -1.3917314448474103 0.0 0.23 0.23 0.33 0.0 Cone_Blue
8.387778769273655 1.6446660772696213 0.0 0.23 0.23 0.33 0.0 Cone_Blue
9.523709266707503 6.923898996131676 0.0 0.23 0.23 0.33 0.0 Cone_Blue
7.750069778437634 25.926633673296056 0.0 0.23 0.23 0.33 0.0 Cone_Blue
38.84403906887356 18.242845864728615 0.0 0.23 0.23 0.33 0.0 Cone_Blue
28.18295826101428 20.23641494443834 0.0 0.23 0.23 0.33 0.0 Cone_Blue
31.47365412096441 35.96518576348946 0.0 0.23 0.23 0.33 0.0 Cone_Blue
-10.419067017224851 -3.091850136515647 0.0 0.23 0.23 0.33 0.0 Cone_Blue
7.172699009959079 1.078129820074833 0.0 0.23 0.23 0.33 0.0 Cone_Blue
-8.608129758681574 -0.6308380596259346 0.0 0.23 0.23 0.33 0.0 Cone_Blue
24.83266519369788 34.94958552906725 0.0 0.23 0.23 0.33 0.0 Cone_Blue
1.8799937115028342 1.6168283211882337 0.0 0.23 0.23 0.33 0.0 Cone_Blue
32.79861732881421 4.76426878309303 0.0 0.23 0.23 0.33 0.0 Cone_Blue
28.323393273699942 35.75851168448659 0.0 0.23 0.23 0.33 0.0 Cone_Blue
44.72900275489828 34.24040586856085 0.0 0.23 0.23 0.33 0.0 Cone_Blue
