-6.154010565155076 -20.1793897281586 0.0 0.23 0.23 0.33 0.0 Cone_Yellow
-6.300112381959348 -17.68842615195322 0.0 0.23 0.23 0.33 0.0 Cone_Yellow
-33.46080922372427 -50.1500836299051 0.0 0.23 0.23 0.33 0.0 Cone_Yellow
-22.19809372922497 -22.432596940763894 0.0 0.23 0.23 0.33 0.0 Cone_Yellow
-11.059798799903923 -6.667671198915066 0.0 0.23 0.23 0.33 0.0 Cone_Yellow
-36.5966658504529 -42.55755106443027 0.0 0.23 0.23 0.33 0.0 Cone_Yellow
-18.979220490726483 -25.51197687715064 0.0 0.23 0.23 0.33 0.0 Cone_Yellow
-16.382889563848572 -40.19957924669323 0.0 0.23 0.23 0.33 0.0 Cone_Yellow
-13.158930789026705 -37.23942824989723 0.0 0.23 0.23 0.33 0.0 Cone_Yellow
11.819346862693198 -9.492343164550409 0.0 0.23 0.23 0.33 0.0 Cone_Yellow
-3.4678022654831935 -28.56517217841839 0.0 0.23 0.23 0.33 0.0 Cone_Yellow
-33.15538854163492 -40.15671127143517 0.0 0.23 0.23 0.33 0.0 Cone_Yellow
-19.266010816584306 -40.869111411834325 0.0 0.23 0.23 0.33 0.0 Cone_Yellow
-9.629658766352382 -5.135923785707163 0.0 0.23 0.23 0.33 0.0 Cone_Yellow
11.780397931989665 -7.714102421069343 0.0 0.23 0.23 0.33 0.0 Cone_Yellow
-1.2372986588670365 -12.679476325938754 0.0 0.23 0.23 0.33 0.0 Cone_Yellow
-14.93343957958684 -27.339015136680754 0.0 0.23 0.23 0.33 0.0 Cone_Yellow
-21.3697941572508 -20.723239667610212 0.0 0.23 0.23 0.33 0.0 Cone_Yellow
-8.222160712710856 -3.9966900301260253 0.0 0.23 0.23 0.33 0.0 Cone_Yellow
-37.058546325513646 -44.65908068508788 0.0 0.23 0.23 0.33 0.0 Cone_Yellow
-35.20252182440428 -40.675574257334645 0.0 0.23 0.23 0.33 0.0 Cone_Yellow
-17.230808071596215 -15.141019946351824 0.0 0.23 0.23 0.33 0.0 Cone_Yellow
-36.82385263511857 -47.613829662324605 0.0 0.23 0.23 0.33 0.0 Cone_Yellow
-0.8597883328977431 -38.36827611710847 0.0 0.23 0.23 0.33 0.0 Cone_Yellow
-2.5085997326539093 -1.5510955689263088 0.0 0.23 0.23 0.33 0.0 Cone_Yellow
-12.73520383771408 -8.901894434044905 0.0 0.23 0.23 0.33 0.0 Cone_Yellow
-30.250247494516458 -39.92933524089864 0.0 0.23 0.23 0.33 0.0 Cone_Yellow
-13.815166582672374 -29.14848531122812 0.0 0.23 0.23 0.33 0.0 Cone_Yellow
-16.753834981910067 -26.195420568677577 0.0 0.23 0.23 0.33 0.0 Cone_Yellow
9.283061250563325 -11.59426226211958 0.0 0.23 0.23 0.33 0.0 Cone_Yellow
-2.4185534252781373 -31.406872042898694 0.0 0.23 0.23 0.33 0.0 Cone_Yellow
-24.600899500574616 -50.9952931727578 0.0 0.23 0.23 0.33 0.0 Cone_Yellow
-35.532434768763906 -49.152391176035806 0.0 0.23 0.23 0.33 0.0 Cone_Yellow
-5.943310222179944 -44.53229542304243 0.0 0.23 0.23 0.33 0.0 Cone_Yellow
-15.235890037949865 -12.286953043598029 0.0 0.23 0.23 0.33 0.0 Cone_Yellow
-5.739881151236533 -15.598788852852477 0.0 0.23 0.23 0.33 0.0 Cone_Yellow
-0.4323572066828234 -1.4616627043494397 0.0 0.23 0.23 0.33 0.0 Cone_Yellow
-8.673364792561646 -45.8123549618047 0.0 0.23 0.23 0.33 0.0 Cone_Yellow
-27.484183659066268 -51.40282141220756 0.0 0.23 0.23 0.33 0.0 Cone_Yellow
-27.145652511004798 -40.27540818216667 0.0 0.23 0.23 0.33 0.0 Cone_Yellow
-12.822296417375856 -34.82013421043908 0.0 0.23 0.23 0.33 0.0 Cone_Yellow
-13.125682495682309 -31.943502067628373 0.0 0.23 0.23 0.33 0.0 Cone_Yellow
-11.25627824955348 -46.77392845135083 0.0 0.23 0.23 0.33 0.0 Cone_Yellow
9.875785089963603 -5.848974827982174 0.0 0.23 0.23 0.33 0.0 Cone_Yellow
-14.161416907292672 -10.813803887305871 0.0 0.23 0.23 0.33 0.0 Cone_Yellow
-5.801746672448067 -22.269394128508214 0.0 0.23 0.23 0.33 0.0 Cone_Yellow
-1.233249187387024 -33.617075131056325 0.0 0.23 0.23 0.33 0.0 Cone_Yellow
-21.75204645935601 -50.296090954759265 0.0 0.23 0.23 0.33 0.0 Cone_Yellow
-14.35043076946137 -39.04006270170744 0.0 0.23 0.23 0.33 0.0 Cone_Yellow
6.014129774764605 -12.240638370812812 0.0 0.23 0.23 0.33 0.0 Cone_Yellow
-21.903339875814837 -23.895014796676783 0.0 0.23 0.23 0.33 0.0 Cone_Yellow
-1.9310508470500345 -40.4704667455364 0.0 0.23 0.23 0.33 0.0 Cone_Yellow
-4.493150169981078 -1.9551081646559911 0.0 0.23 0.23 0.33 0.0 Cone_Yellow
-19.817855491571336 -18.391878315881527 0.0 0.23 0.23 0.33 0.0 Cone_Yellow
11.073788252950006 -10.951203274084172 0.0 0.23 0.23 0.33 0.0 Cone_Yellow
-24.988342644508727 -40.6623363382554 0.0 0.23 0.23 0.33 0.0 Cone_Yellow
7.542909897334152 -4.115374870332769 0.0 0.23 0.23 0.33 0.0 Cone_Yellow
-4.078871100411078 -13.680668761072582 0.0 0.23 0.23 0.33 0.0 Cone_Yellow
-3.625609932732056 -42.83408567813671 0.0 0.23 0.23 0.33 0.0 Cone_Yellow
4.650988199958238 -2.9519809248800613 0.0 0.23 0.23 0.33 0.0 Cone_Yellow
-6.461804346015798 -2.8160534684434246 0.0 0.23 0.23 0.33 0.0 Cone_Yellow
-18.570260715981256 -49.064293700636 0.0 0.23 0.23 0.33 0.0 Cone_Yellow
-15.084559323765035 -47.88399935965877 0.0 0.23 0.23 0.33 0.0 Cone_Yellow
-0.7947926375405281 -36.06964434126964 0.0 0.23 0.23 0.33 0.0 Cone_Yellow
-30.68421854948292 -51.02966837863303 0.0 0.23 0.23 0.33 0.0 Cone_Yellow
-22.389378066081903 -41.01089719903757 0.0 0.23 0.23 0.33 0.0 Cone_Yellow
2.4392512094519425 -1.799583775976604 0.0 0.23 0.23 0.33 0.0 Cone_Yellow
-20.89935631025217 -25.004411721671246 0.0 0.23 0.23 0.33 0.0 Cone_Yellow
-4.716619835285231 -25.697218842191692 0.0 0.23 0.23 0.33 0.0 Cone_Yellow
2.2717429730374654 -12.321461052387296 0.0 0.23 0.23 0.33 0.0 Cone_Yellow
-39.57023825291523 -49.67700223878985 0.0 0.23 0.23 0.33 0.0 Cone_Blue
-16.143276622864384 -34.1325821813181 0.0 0.23 0.23 0.33 0.0 Cone_Blue
6.846585415397659 -0.10486197899227712 0.0 0.23 0.23 0.33 0.0 Cone_Blue
-18.412056865790696 -29.054692561314237 0.0 0.23 0.23 0.33 0.0 Cone_Blue
9.669559731034628 -1.9325616698153407 0.0 0.23 0.23 0.33 0.0 Cone_Blue
12.21628324690369 -14.318172809359341 0.0 0.23 0.23 0.33 0.0 Cone_Blue
-27.439685931697454 -54.395697523943326 0.0 0.23 0.23 0.33 0.0 Cone_Blue
-30.889534406240088 -54.16738495493193 0.0 0.23 0.23 0.33 0.0 Cone_Blue
0.2931525333743039 1.8036571439256868 0.0 0.23 0.23 0.33 0.0 Cone_Blue
1.8666214236003356 -34.553393858713235 0.0 0.23 0.23 0.33 0.0 Cone_Blue
-40.26762221028486 -46.826264315447204 0.0 0.23 0.23 0.33 0.0 Cone_Blue
-2.1954124545020477 -23.857754174131994 0.0 0.23 0.23 0.33 0.0 Cone_Blue
-23.750878468560884 -18.508992803915543 0.0 0.23 0.23 0.33 0.0 Cone_Blue
12.90351361962831 -3.8055561498066677 0.0 0.23 0.23 0.33 0.0 Cone_Blue
-10.161925158261521 -50.13096152605918 0.0 0.23 0.23 0.33 0.0 Cone_Blue
-25.085266909842275 -20.137676945423927 0.0 0.23 0.23 0.33 0.0 Cone_Blue
0.17651170599642185 -30.065149845404783 0.0 0.23 0.23 0.33 0.0 Cone_Blue
-19.810665736367877 -13.056651930930416 0.0 0.23 0.23 0.33 0.0 Cone_Blue
9.754043388808942 -15.503155534926895 0.0 0.23 0.23 0.33 0.0 Cone_Blue
-38.065581079943954 -39.003548734154194 0.0 0.23 0.23 0.33 0.0 Cone_Blue
0.9076345051947925 -31.755538079911727 0.0 0.23 0.23 0.33 0.0 Cone_Blue
-36.20326799744191 -37.80663572405511 0.0 0.23 0.23 0.33 0.0 Cone_Blue
-3.475846157086627 1.4296166309991811 0.0 0.23 0.23 0.33 0.0 Cone_Blue
-33.07315792411526 -37.02005802491908 0.0 0.23 0.23 0.33 0.0 Cone_Blue
-24.60073328945736 -27.0021584417225 0.0 0.23 0.23 0.33 0.0 Cone_Blue
-39.98646328656395 -43.68418303486966 0.0 0.23 0.23 0.33 0.0 Cone_Blue
-22.3184647506717 -37.957223243702394 0.0 0.23 0.23 0.33 0.0 Cone_Blue
-16.891097129909575 -30.22955286294991 0.0 0.23 0.23 0.33 0.0 Cone_Blue
-7.277061815058611 -48.76107858744274 0.0 0.23 0.23 0.33 0.0 Cone_Blue
-2.6934076251766648 -17.695324183184145 0.0 0.23 0.23 0.33 0.0 Cone_Blue
-25.604785860689233 -25.348960206478402 0.0 0.23 0.23 0.33 0.0 Cone_Blue
-8.137124549389661 0.2049235626474264 0.0 0.23 0.23 0.33 0.0 Cone_Blue
-24.14742070274698 -54.110997991875806 0.0 0.23 0.23 0.33 0.0 Cone_Blue
-22.895018512204814 -27.951263061743205 0.0 0.23 0.23 0.33 0.0 Cone_Blue
-2.708518210743774 -19.267066502643026 0.0 0.23 0.23 0.33 0.0 Cone_Blue
-5.750141512632538 1.060577577261851 0.0 0.23 0.23 0.33 0.0 Cone_Blue
-1.5041715338780968 -45.12059928362373 0.0 0.23 0.23 0.33 0.0 Cone_Blue
-15.350211766483017 -7.182132655481206 0.0 0.23 0.23 0.33 0.0 Cone_Blue
-10.362164072076533 -0.8606045722591205 0.0 0.23 0.23 0.33 0.0 Cone_Blue
14.893449485199877 -6.086533505302331 0.0 0.23 0.23 0.33 0.0 Cone_Blue
2.279877142248896 -37.69439200885547 0.0 0.23 0.23 0.33 0.0 Cone_Blue
-39.25908912479234 -40.62376275883927 0.0 0.23 0.23 0.33 0.0 Cone_Blue
-16.610907396372006 -9.017855340684616 0.0 0.23 0.23 0.33 0.0 Cone_Blue
0.3807842993070558 -42.842850274061945 0.0 0.23 0.23 0.33 0.0 Cone_Blue
-24.676073012553474 -37.61304743569316 0.0 0.23 0.23 0.33 0.0 Cone_Blue
-13.388549023958287 -4.551950878287537 0.0 0.23 0.23 0.33 0.0 Cone_Blue
1.590353061629589 -15.794772078619548 0.0 0.23 0.23 0.33 0.0 Cone_Blue
-27.130985116353465 -37.013842917731445 0.0 0.23 0.23 0.33 0.0 Cone_Blue
-20.500947268753603 -28.345023954615222 0.0 0.23 0.23 0.33 0.0 Cone_Blue
-17.408918691264084 -36.89163932550868 0.0 0.23 0.23 0.33 0.0 Cone_Blue
-16.261047014350297 -35.42729404986348 0.0 0.23 0.23 0.33 0.0 Cone_Blue
-1.0777052251360395 -26.865210789494867 0.0 0.23 0.23 0.33 0.0 Cone_Blue
-16.459519625467443 -31.74393586002488 0.0 0.23 0.23 0.33 0.0 Cone_Blue
-4.263346135933434 -47.166816369309075 0.0 0.23 0.23 0.33 0.0 Cone_Blue
-12.00208110007455 -2.6756671894509 0.0 0.23 0.23 0.33 0.0 Cone_Blue
4.091793903137411 1.1914813262710133 0.0 0.23 0.23 0.33 0.0 Cone_Blue
-37.30211143079564 -52.14581115555163 0.0 0.23 0.23 0.33 0.0 Cone_Blue
-17.93791291117663 -10.440995620337073 0.0 0.23 0.23 0.33 0.0 Cone_Blue
7.217193819439078 -15.74220037989777 0.0 0.23 0.23 0.33 0.0 Cone_Blue
-22.024450121032537 -16.11395410400837 0.0 0.23 0.23 0.33 0.0 Cone_Blue
-2.109578282247213 -16.695766817604174 0.0 0.23 0.23 0.33 0.0 Cone_Blue
-2.584949821316947 -22.074861556167487 0.0 0.23 0.23 0.33 0.0 Cone_Blue
1.5215255262193317 -40.71317109499457 0.0 0.23 0.23 0.33 0.0 Cone_Blue
-30.283267831846324 -36.927587814652554 0.0 0.23 0.23 0.33 0.0 Cone_Blue
-19.457611428434475 -37.58949800686011 0.0 0.23 0.23 0.33 0.0 Cone_Blue
-20.780976643391362 -53.60422920125637 0.0 0.23 0.23 0.33 0.0 Cone_Blue
15.96849302459795 -9.673276368681593 0.0 0.23 0.23 0.33 0.0 Cone_Blue
-0.9737515068316647 -15.983531120337199 0.0 0.23 0.23 0.33 0.0 Cone_Blue
14.475293626491162 -12.339065136470735 0.0 0.23 0.23 0.33 0.0 Cone_Blue
-14.316212382591685 -51.77638872120286 0.0 0.23 0.23 0.33 0.0 Cone_Blue
4.344967840129147 -15.86457751730904 0.0 0.23 0.23 0.33 0.0 Cone_Blue
-25.948409464507936 -22.805684009007557 0.0 0.23 0.23 0.33 0.0 Cone_Blue
-17.680343126923002 -53.010150606041734 0.0 0.23 0.23 0.33 0.0 Cone_Blue
-34.147858531299235 -53.529384777263104 0.0 0.23 0.23 0.33 0.0 Cone_Blue
