-5.133635088613836 -20.86890327961349 0.0 0.23 0.23 0.33 0.0 Cone_Yellow
-5.554047267490846 -18.409330373861902 0.0 0.23 0.23 0.33 0.0 Cone_Yellow
-28.962067530239864 -53.673012066573165 0.0 0.23 0.23 0.33 0.0 Cone_Yellow
-20.83056257629429 -24.88088717352797 0.0 0.23 0.23 0.33 0.0 Cone_Yellow
-11.502182649552527 -7.981898283037864 0.0 0.23 0.23 0.33 0.0 Cone_Yellow
-32.91755957729931 -46.47341275780306 0.0 0.23 0.23 0.33 0.0 Cone_Yellow
-17.291180866863442 -27.58579065296847 0.0 0.23 0.23 0.33 0.0 Cone_Yellow
-13.088039482774759 -41.896632702024036 0.0 0.23 0.23 0.33 0.0 Cone_Yellow
-10.210858289994713 -38.59841614007786 0.0 0.23 0.23 0.33 0.0 Cone_Yellow
11.548974943673429 -8.261561609279221 0.0 0.23 0.23 0.33 0.0 Cone_Yellow
-1.5373994773980648 -28.906574071636186 0.0 0.23 0.23 0.33 0.0 Cone_Yellow
-29.76259682891367 -43.70707379012154 0.0 0.23 0.23 0.33 0.0 Cone_Yellow
-15.879540118979984 -42.880596967737375 0.0 0.23 0.23 0.33 0.0 Cone_Yellow
-10.250027002121305 -6.301524250852763 0.0 0.23 0.23 0.33 0.0 Cone_Yellow
11.313802191978677 -6.498510011100835 0.0 0.23 0.23 0.33 0.0 Cone_Yellow
-1.0756220661846676 -12.871698310374127 0.0 0.23 0.23 0.33 0.0 Cone_Yellow
-13.06831391355795 -28.954661237577962 0.0 0.23 0.23 0.33 0.0 Cone_Yellow
-20.196185607858215 -23.090482657745618 0.0 0.23 0.23 0.33 0.0 Cone_Yellow
-8.977009326011128 -5.0137625038004465 0.0 0.23 0.23 0.33 0.0 Cone_Yellow
-33.14443289933479 -48.61310638435155 0.0 0.23 0.23 0.33 0.0 Cone_Yellow
-31.739873358168587 -44.44893024686786 0.0 0.23 0.23 0.33 0.0 Cone_Yellow
-16.69926813794784 -17.08515576886738 0.0 0.23 0.23 0.33 0.0 Cone_Yellow
-32.584731597495775 -51.523837752841686 0.0 0.23 0.23 0.33 0.0 Cone_Yellow
2.1377079044922773 -38.36152881700096 0.0 0.23 0.23 0.33 0.0 Cone_Yellow
-3.5686179045389075 -1.9518981087584848 0.0 0.23 0.23 0.33 0.0 Cone_Yellow
-12.920491433920603 -10.387544910724074 0.0 0.23 0.23 0.33 0.0 Cone_Yellow
-26.90036123694417 -43.16012609703003 0.0 0.23 0.23 0.33 0.0 Cone_Yellow
-11.756974225833066 -30.629506015938677 0.0 0.23 0.23 0.33 0.0 Cone_Yellow
-15.00391099119076 -28.019187074479255 0.0 0.23 0.23 0.33 0.0 Cone_Yellow
9.26043858988059 -10.630825198749925 0.0 0.23 0.23 0.33 0.0 Cone_Yellow
-0.18061936958249802 -31.61495532018577 0.0 0.23 0.23 0.33 0.0 Cone_Yellow
-20.063016519867016 -53.53419352143925 0.0 0.23 0.23 0.33 0.0 Cone_Yellow
-31.131237324286147 -52.91030305524205 0.0 0.23 0.23 0.33 0.0 Cone_Yellow
-2.2336851732016925 -45.04944713012554 0.0 0.23 0.23 0.33 0.0 Cone_Yellow
-15.031883452169925 -14.02815983233175 0.0 0.23 0.23 0.33 0.0 Cone_Yellow
-5.228111394060033 -16.27059035224143 0.0 0.23 0.23 0.33 0.0 Cone_Yellow
-1.514966356668296 -1.6336268661903564 0.0 0.23 0.23 0.33 0.0 Cone_Yellow
-4.805604342607479 -46.623290250033406 0.0 0.23 0.23 0.33 0.0 Cone_Yellow
-22.88362558548513 -54.257775792857544 0.0 0.23 0.23 0.33 0.0 Cone_Yellow
-23.776537365367023 -43.16108092079564 0.0 0.23 0.23 0.33 0.0 Cone_Yellow
-10.143571350708207 -36.156740728124845 0.0 0.23 0.23 0.33 0.0 Cone_Yellow
-10.76291407456377 -33.33123719990742 0.0 0.23 0.23 0.33 0.0 Cone_Yellow
-7.266469902298608 -47.86434069189043 0.0 0.23 0.23 0.33 0.0 Cone_Yellow
9.214787366489123 -4.855224345466043 0.0 0.23 0.23 0.33 0.0 Cone_Yellow
-14.126743380456348 -12.445319854391181 0.0 0.23 0.23 0.33 0.0 Cone_Yellow
-4.552621385560222 -22.907194554296716 0.0 0.23 0.23 0.33 0.0 Cone_Yellow
1.2416146806266504 -33.680674113654476 0.0 0.23 0.23 0.33 0.0 Cone_Yellow
-17.308852296833386 -52.52452683154792 0.0 0.23 0.23 0.33 0.0 Cone_Yellow
-11.19612781307816 -40.5196658894089 0.0 0.23 0.23 0.33 0.0 Cone_Yellow
6.082931270260719 -11.634399959851027 0.0 0.23 0.23 0.33 0.0 Cone_Yellow
-20.376043393310706 -26.301787638617945 0.0 0.23 0.23 0.33 0.0 Cone_Yellow
1.305256082022563 -40.56920469351566 0.0 0.23 0.23 0.33 0.0 Cone_Yellow
-5.496383522018043 -2.572693034534277 0.0 0.23 0.23 0.33 0.0 Cone_Yellow
-18.91131930069186 -20.601933291734596 0.0 0.23 0.23 0.33 0.0 Cone_Yellow
10.969157175074432 -9.793861127966068 0.0 0.23 0.23 0.33 0.0 Cone_Yellow
-21.589685793815708 -43.30729809509151 0.0 0.23 0.23 0.33 0.0 Cone_Yellow
6.704663260578407 -3.389976089888215 0.0 0.23 0.23 0.33 0.0 Cone_Yellow
-3.7891860035054403 -14.18070212655801 0.0 0.23 0.23 0.33 0.0 Cone_Yellow
-0.11779369487161517 -43.1055710483421 0.0 0.23 0.23 0.33 0.0 Cone_Yellow
3.701912088344507 -2.55320732032429 0.0 0.23 0.23 0.33 0.0 Cone_Yellow
-7.3578676955414615 -3.645867182869212 0.0 0.23 0.23 0.33 0.0 Cone_Yellow
-14.282635280937487 -50.94874272047477 0.0 0.23 0.23 0.33 0.0 Cone_Yellow
-10.948673018221777 -49.3905692520097 0.0 0.23 0.23 0.33 0.0 Cone_Yellow
1.9483500003649468 -36.06978797967763 0.0 0.23 0.23 0.33 0.0 Cone_Yellow
-26.105296943189977 -54.24045097557173 0.0 0.23 0.23 0.33 0.0 Cone_Yellow
-18.968122095030154 -43.3665882864922 0.0 0.23 0.23 0.33 0.0 Cone_Yellow
1.3763966139449089 -1.6522203713052228 0.0 0.23 0.23 0.33 0.0 Cone_Yellow
-19.255638447831103 -27.293471708900384 0.0 0.23 0.23 0.33 0.0 Cone_Yellow
-3.0954271130358375 -26.19414867210736 0.0 0.23 0.23 0.33 0.0 Cone_Yellow
2.372383970470999 -12.128191429625044 0.0 0.23 0.23 0.33 0.0 Cone_Yellow
-35.086362532601754 -53.87780413034996 0.0 0.23 0.23 0.33 0.0 Cone_Blue
-13.520182815188587 -35.84030378980272 0.0 0.23 0.23 0.33 0.0 Cone_Blue
5.569515058789062 0.5190544799240513 0.0 0.23 0.23 0.33 0.0 Cone_Blue
-16.33608564594782 -31.044157625291273 0.0 0.23 0.23 0.33 0.0 Cone_Blue
8.577134259181353 -0.985570686691343 0.0 0.23 0.23 0.33 0.0 Cone_Blue
12.476645052390154 -13.013994504462522 0.0 0.23 0.23 0.33 0.0 Cone_Blue
-22.50874357323474 -57.22741397701917 0.0 0.23 0.23 0.33 0.0 Cone_Blue
-25.962697053009244 -57.38164265796509 0.0 0.23 0.23 0.33 0.0 Cone_Blue
-1.1546546508161448 1.6918585974800493 0.0 0.23 0.23 0.33 0.0 Cone_Blue
4.425954192951654 -34.268783316838686 0.0 0.23 0.23 0.33 0.0 Cone_Blue
-36.094430337007495 -51.12156568034223 0.0 0.23 0.23 0.33 0.0 Cone_Blue
-0.792880391647035 -24.08739868272152 0.0 0.23 0.23 0.33 0.0 Cone_Blue
-22.807326176752873 -21.152856119833537 0.0 0.23 0.23 0.33 0.0 Cone_Blue
11.998221326214075 -2.48980782072627 0.0 0.23 0.23 0.33 0.0 Cone_Blue
-5.807927005534765 -51.079917214289765 0.0 0.23 0.23 0.33 0.0 Cone_Blue
-23.95360671237412 -22.918994698394727 0.0 0.23 0.23 0.33 0.0 Cone_Blue
2.250324170347941 -29.99474082930026 0.0 0.23 0.23 0.33 0.0 Cone_Blue
-19.493616033943674 -15.298573716361393 0.0 0.23 0.23 0.33 0.0 Cone_Blue
10.160396884418347 -14.463754347695595 0.0 0.23 0.23 0.33 0.0 Cone_Blue
-34.77013303035983 -43.103454877346095 0.0 0.23 0.23 0.33 0.0 Cone_Blue
3.1637273916273543 -31.594005499773395 0.0 0.23 0.23 0.33 0.0 Cone_Blue
-33.05145708417268 -41.70811844372142 0.0 0.23 0.23 0.33 0.0 Cone_Blue
-4.859255854696466 0.9037042000330651 0.0 0.23 0.23 0.33 0.0 Cone_Blue
-30.02741097817711 -40.58053753898236 0.0 0.23 0.23 0.33 0.0 Cone_Blue
-22.713642816822052 -29.68792139175137 0.0 0.23 0.23 0.33 0.0 Cone_Blue
-36.16213367363535 -47.96765677671911 0.0 0.23 0.23 0.33 0.0 Cone_Blue
-19.235016608516876 -40.32377369429873 0.0 0.23 0.23 0.33 0.0 Cone_Blue
-14.694636874785527 -32.043788146124264 0.0 0.23 0.23 0.33 0.0 Cone_Blue
-3.0920705717115293 -49.39969710807473 0.0 0.23 0.23 0.33 0.0 Cone_Blue
-1.9686599015702448 -18.017712930774103 0.0 0.23 0.23 0.33 0.0 Cone_Blue
-23.89419619345263 -28.155772673206833 0.0 0.23 0.23 0.33 0.0 Cone_Blue
-9.35669325354259 -0.8284754112313699 0.0 0.23 0.23 0.33 0.0 Cone_Blue
-19.268086864940933 -56.58072374181677 0.0 0.23 0.23 0.33 0.0 Cone_Blue
-20.91351180575707 -30.44276629243265 0.0 0.23 0.23 0.33 0.0 Cone_Blue
-1.8100299288530017 -19.58150280806897 0.0 0.23 0.23 0.33 0.0 Cone_Blue
-7.078856553059886 0.2856573350902245 0.0 0.23 0.23 0.33 0.0 Cone_Blue
2.243274579555319 -45.14370793081686 0.0 0.23 0.23 0.33 0.0 Cone_Blue
-15.709492258920134 -8.967220496836557 0.0 0.23 0.23 0.33 0.0 Cone_Blue
-11.450390669432402 -2.133305750582954 0.0 0.23 0.23 0.33 0.0 Cone_Blue
14.22798044661548 -4.53697090908998 0.0 0.23 0.23 0.33 0.0 Cone_Blue
5.183701444797567 -37.34489592376852 0.0 0.23 0.23 0.33 0.0 Cone_Blue
-35.7773313990249 -44.84561054922575 0.0 0.23 0.23 0.33 0.0 Cone_Blue
-16.759657238282262 -10.930988498488725 0.0 0.23 0.23 0.33 0.0 Cone_Blue
3.8650425511333246 -42.671650550822974 0.0 0.23 0.23 0.33 0.0 Cone_Blue
-21.61621705766037 -40.24217636400651 0.0 0.23 0.23 0.33 0.0 Cone_Blue
-14.050424174024215 -6.13641319393318 0.0 0.23 0.23 0.33 0.0 Cone_Blue
2.0789011259876915 -15.655520378888067 0.0 0.23 0.23 0.33 0.0 Cone_Blue
-24.12230156529041 -39.9178618062911 0.0 0.23 0.23 0.33 0.0 Cone_Blue
-18.49059337170577 -30.569616682301152 0.0 0.23 0.23 0.33 0.0 Cone_Blue
-14.47325280779826 -38.72230027824595 0.0 0.23 0.23 0.33 0.0 Cone_Blue
-13.494190856684163 -37.14010112237273 0.0 0.23 0.23 0.33 0.0 Cone_Blue
0.6502520302093941 -26.95295858557711 0.0 0.23 0.23 0.33 0.0 Cone_Blue
-14.098390472916925 -33.50121918477721 0.0 0.23 0.23 0.33 0.0 Cone_Blue
-0.2729403121135583 -47.48223555847524 0.0 0.23 0.23 0.33 0.0 Cone_Blue
-12.879738082747078 -4.118437014528887 0.0 0.23 0.23 0.33 0.0 Cone_Blue
2.6883661779754853 1.503109035174269 0.0 0.23 0.23 0.33 0.0 Cone_Blue
-32.559363617167605 -56.08091403003617 0.0 0.23 0.23 0.33 0.0 Cone_Blue
-17.9213087867276 -12.492025836890887 0.0 0.23 0.23 0.33 0.0 Cone_Blue
7.6654873518082844 -14.981610118746405 0.0 0.23 0.23 0.33 0.0 Cone_Blue
-21.35607353011654 -18.581741387108927 0.0 0.23 0.23 0.33 0.0 Cone_Blue
-1.498836986175153 -16.959772451862236 0.0 0.23 0.23 0.33 0.0 Cone_Blue
-1.3770092951017112 -22.358457136142732 0.0 0.23 0.23 0.33 0.0 Cone_Blue
4.763510782774905 -40.42897830788125 0.0 0.23 0.23 0.33 0.0 Cone_Blue
-27.264816235249278 -40.18040287030867 0.0 0.23 0.23 0.33 0.0 Cone_Blue
-16.43230357681513 -39.64222894661469 0.0 0.23 0.23 0.33 0.0 Cone_Blue
-15.978239922595302 -55.70512833990118 0.0 0.23 0.23 0.33 0.0 Cone_Blue
15.692710624874355 -7.982984328173153 0.0 0.23 0.23 0.33 0.0 Cone_Blue
-0.4486521946424986 -16.12640935221973 0.0 0.23 0.23 0.33 0.0 Cone_Blue
14.503171954339837 -10.797424227741134 0.0 0.23 0.23 0.33 0.0 Cone_Blue
-9.754993698761853 -53.17424228838132 0.0 0.23 0.23 0.33 0.0 Cone_Blue
4.824364919622479 -15.420565202228195 0.0 0.23 0.23 0.33 0.0 Cone_Blue
-24.516700535909308 -25.66602984685996 0.0 0.23 0.23 0.33 0.0 Cone_Blue
-12.962222382710351 -54.77212470655054 0.0 0.23 0.23 0.33 0.0 Cone_Blue
-29.27156145407651 -57.107531902981535 0.0 0.23 0.23 0.33 0.0 Cone_Blue
