7.784874598988335 -20.984407902471684 0.0 0.23 0.23 0.33 0.0 Cone_Yellow
5.3092410414114415 -20.672183996509 0.0 0.23 0.23 0.33 0.0 Cone_Yellow
32.25214790775441 -53.314831388191195 0.0 0.23 0.23 0.33 0.0 Cone_Yellow
7.063885023241069 -37.169886621069764 0.0 0.23 0.23 0.33 0.0 Cone_Yellow
-6.396441151644687 -23.334637550516966 0.0 0.23 0.23 0.33 0.0 Cone_Yellow
24.213961022373326 -55.00825960836504 0.0 0.23 0.23 0.33 0.0 Cone_Yellow
10.680329775484543 -34.56891505795847 0.0 0.23 0.23 0.33 0.0 Cone_Yellow
25.59502922313428 -34.704333055036095 0.0 0.23 0.23 0.33 0.0 Cone_Yellow
23.27486922957171 -30.993098528648005 0.0 0.23 0.23 0.33 0.0 Cone_Yellow
0.5675218809902043 -1.3588031671794916 0.0 0.23 0.23 0.33 0.0 Cone_Yellow
16.520627162610225 -19.878202912659795 0.0 0.23 0.23 0.33 0.0 Cone_Yellow
22.483436933857423 -51.185733270080306 0.0 0.23 0.23 0.33 0.0 Cone_Yellow
25.72562923386537 -37.66129181621827 0.0 0.23 0.23 0.33 0.0 Cone_Yellow
-7.640597908127013 -21.648332531033454 0.0 0.23 0.23 0.33 0.0 Cone_Yellow
-1.1878158012471849 -1.071667689927871 0.0 0.23 0.23 0.33 0.0 Cone_Yellow
1.3114016341879464 -14.778209002643393 0.0 0.23 0.23 0.33 0.0 Cone_Yellow
13.216910473993467 -30.925816055367306 0.0 0.23 0.23 0.33 0.0 Cone_Yellow
5.534978170182658 -36.04275472866009 0.0 0.23 0.23 0.33 0.0 Cone_Yellow
-8.503013363475077 -20.05611900790379 0.0 0.23 0.23 0.33 0.0 Cone_Yellow
26.19547368540009 -55.84692991665564 0.0 0.23 0.23 0.33 0.0 Cone_Yellow
22.61890209774983 -53.29324902682572 0.0 0.23 0.23 0.33 0.0 Cone_Yellow
0.8044853246503607 -30.952094626864245 0.0 0.23 0.23 0.33 0.0 Cone_Yellow
29.14327298343659 -56.156933054201446 0.0 0.23 0.23 0.33 0.0 Cone_Yellow
26.635455563592267 -19.108248417895425 0.0 0.23 0.23 0.33 0.0 Cone_Yellow
-9.861697424683582 -13.991492971345725 0.0 0.23 0.23 0.33 0.0 Cone_Yellow
-4.506556654187499 -25.390622008479788 0.0 0.23 0.23 0.33 0.0 Cone_Yellow
22.79155566007829 -48.28804329124076 0.0 0.23 0.23 0.33 0.0 Cone_Yellow
15.20047169874974 -30.157570212002078 0.0 0.23 0.23 0.33 0.0 Cone_Yellow
11.75948776923714 -32.50618532121205 0.0 0.23 0.23 0.33 0.0 Cone_Yellow
2.169791290956979 -4.236917365210509 0.0 0.23 0.23 0.33 0.0 Cone_Yellow
19.50635404362591 -19.366718562518578 0.0 0.23 0.23 0.33 0.0 Cone_Yellow
34.704489807197064 -44.75922511616529 0.0 0.23 0.23 0.33 0.0 Cone_Yellow
30.892186995657028 -55.16888881689607 0.0 0.23 0.23 0.33 0.0 Cone_Yellow
31.76506795996185 -25.233965148674717 0.0 0.23 0.23 0.33 0.0 Cone_Yellow
-1.636302509264641 -28.468558720907865 0.0 0.23 0.23 0.33 0.0 Cone_Yellow
3.357418525579672 -19.739000230918116 0.0 0.23 0.23 0.33 0.0 Cone_Yellow
-9.569657544828514 -11.933947352776975 0.0 0.23 0.23 0.33 0.0 Cone_Yellow
32.5238967086652 -28.15217167155475 0.0 0.23 0.23 0.33 0.0 Cone_Yellow
34.577480798145636 -47.668396048953134 0.0 0.23 0.23 0.33 0.0 Cone_Yellow
23.699939993343797 -45.299211680828186 0.0 0.23 0.23 0.33 0.0 Cone_Yellow
20.95803790713949 -30.219406747037617 0.0 0.23 0.23 0.33 0.0 Cone_Yellow
18.074465169035467 -29.99123167910701 0.0 0.23 0.23 0.33 0.0 Cone_Yellow
32.99654552982084 -30.86743751378229 0.0 0.23 0.23 0.33 0.0 Cone_Yellow
-3.3699984899115667 -2.602788106420057 0.0 0.23 0.23 0.33 0.0 Cone_Yellow
-2.887939375239142 -27.142637870735392 0.0 0.23 0.23 0.33 0.0 Cone_Yellow
9.90404902834192 -21.020573930173775 0.0 0.23 0.23 0.33 0.0 Cone_Yellow
21.89614765106827 -18.605909558174005 0.0 0.23 0.23 0.33 0.0 Cone_Yellow
34.538449562917386 -41.83052608256793 0.0 0.23 0.23 0.33 0.0 Cone_Yellow
24.82704434584828 -32.49400127061149 0.0 0.23 0.23 0.33 0.0 Cone_Yellow
2.207021171393643 -7.568933121979928 0.0 0.23 0.23 0.33 0.0 Cone_Yellow
8.555546965730004 -37.1477400926034 0.0 0.23 0.23 0.33 0.0 Cone_Yellow
28.506098216878136 -20.546130497965166 0.0 0.23 0.23 0.33 0.0 Cone_Yellow
-9.827690096478035 -16.016464605080877 0.0 0.23 0.23 0.33 0.0 Cone_Yellow
3.5270010811851686 -34.0903748003607 0.0 0.23 0.23 0.33 0.0 Cone_Yellow
1.865303958297435 -2.3587492355107784 0.0 0.23 0.23 0.33 0.0 Cone_Yellow
24.475131830543816 -43.24914415179555 0.0 0.23 0.23 0.33 0.0 Cone_Yellow
-5.501248857142178 -4.5790085773512 0.0 0.23 0.23 0.33 0.0 Cone_Yellow
1.775664474133224 -17.755016058560475 0.0 0.23 0.23 0.33 0.0 Cone_Yellow
30.51968789595739 -22.64462556770434 0.0 0.23 0.23 0.33 0.0 Cone_Yellow
-7.1742310516192 -7.209184836279952 0.0 0.23 0.23 0.33 0.0 Cone_Yellow
-9.341557640534367 -18.1094293243752 0.0 0.23 0.23 0.33 0.0 Cone_Yellow
33.909737031100626 -38.477049447142385 0.0 0.23 0.23 0.33 0.0 Cone_Yellow
33.38727566261876 -34.834214967580486 0.0 0.23 0.23 0.33 0.0 Cone_Yellow
24.387537573379856 -18.623689659239275 0.0 0.23 0.23 0.33 0.0 Cone_Yellow
33.62500773715702 -50.746099990926886 0.0 0.23 0.23 0.33 0.0 Cone_Yellow
25.293429262748596 -40.75785916889343 0.0 0.23 0.23 0.33 0.0 Cone_Yellow
-8.71192507892147 -9.1726758045234 0.0 0.23 0.23 0.33 0.0 Cone_Yellow
9.829942250116915 -36.36373677868215 0.0 0.23 0.23 0.33 0.0 Cone_Yellow
13.472568137330626 -20.58108116657841 0.0 0.23 0.23 0.33 0.0 Cone_Yellow
1.6016040728377055 -11.262909491202457 0.0 0.23 0.23 0.33 0.0 Cone_Yellow
30.669000907864497 -59.23450829171223 0.0 0.23 0.23 0.33 0.0 Cone_Blue
19.674341839805223 -33.358476947703025 0.0 0.23 0.23 0.33 0.0 Cone_Blue
-9.571463006787317 -4.529630325246565 0.0 0.23 0.23 0.33 0.0 Cone_Blue
14.267009810071874 -34.659663753605805 0.0 0.23 0.23 0.33 0.0 Cone_Blue
-7.258011556252049 -2.0888082234544214 0.0 0.23 0.23 0.33 0.0 Cone_Blue
5.384494259825059 -1.85172035633898 0.0 0.23 0.23 0.33 0.0 Cone_Blue
37.52795656095251 -48.17236057253474 0.0 0.23 0.23 0.33 0.0 Cone_Blue
36.67216080923368 -51.5221657546032 0.0 0.23 0.23 0.33 0.0 Cone_Blue
-12.647060935265992 -10.623120717793856 0.0 0.23 0.23 0.33 0.0 Cone_Blue
23.383945125577576 -15.729740362965227 0.0 0.23 0.23 0.33 0.0 Cone_Blue
27.738781574475897 -59.398416039595446 0.0 0.23 0.23 0.33 0.0 Cone_Blue
12.125561441209383 -17.765820986317962 0.0 0.23 0.23 0.33 0.0 Cone_Blue
2.922375553389101 -37.9784094596677 0.0 0.23 0.23 0.33 0.0 Cone_Blue
-4.824819008780976 0.7477636692638612 0.0 0.23 0.23 0.33 0.0 Cone_Blue
36.49715697703099 -30.40591909728378 0.0 0.23 0.23 0.33 0.0 Cone_Blue
4.279354975672236 -39.58831982752252 0.0 0.23 0.23 0.33 0.0 Cone_Blue
18.662200275363716 -16.569937214909565 0.0 0.23 0.23 0.33 0.0 Cone_Blue
-1.7168083190427093 -33.10693428597251 0.0 0.23 0.23 0.33 0.0 Cone_Blue
6.098863236152136 -4.48923550214295 0.0 0.23 0.23 0.33 0.0 Cone_Blue
20.451160054322976 -55.801968238706124 0.0 0.23 0.23 0.33 0.0 Cone_Blue
20.45784025931693 -16.160510812615257 0.0 0.23 0.23 0.33 0.0 Cone_Blue
19.615272776370052 -53.75206501426865 0.0 0.23 0.23 0.33 0.0 Cone_Blue
-12.969082164982932 -14.396919832958591 0.0 0.23 0.23 0.33 0.0 Cone_Blue
19.41480404119716 -50.53086867841185 0.0 0.23 0.23 0.33 0.0 Cone_Blue
11.11658120049529 -40.36820225000724 0.0 0.23 0.23 0.33 0.0 Cone_Blue
24.7012171565039 -58.54698928360634 0.0 0.23 0.23 0.33 0.0 Cone_Blue
22.304303187308108 -40.129306363699946 0.0 0.23 0.23 0.33 0.0 Cone_Blue
15.7003720609832 -33.37939506922997 0.0 0.23 0.23 0.33 0.0 Cone_Blue
35.67835251736332 -27.319080094145356 0.0 0.23 0.23 0.33 0.0 Cone_Blue
5.976066957550209 -17.127651589688686 0.0 0.23 0.23 0.33 0.0 Cone_Blue
9.307555686027687 -41.052755139721945 0.0 0.23 0.23 0.33 0.0 Cone_Blue
-12.618108139285523 -19.2036033669044 0.0 0.23 0.23 0.33 0.0 Cone_Blue
37.850565457878666 -44.883593681899306 0.0 0.23 0.23 0.33 0.0 Cone_Blue
12.3618113927437 -38.864984285307735 0.0 0.23 0.23 0.33 0.0 Cone_Blue
7.518500405713625 -17.430143418604576 0.0 0.23 0.23 0.33 0.0 Cone_Blue
-13.02248246463485 -16.700342850000432 0.0 0.23 0.23 0.33 0.0 Cone_Blue
33.155820359672546 -20.977457015350872 0.0 0.23 0.23 0.33 0.0 Cone_Blue
-6.675834193764308 -27.6467430156114 0.0 0.23 0.23 0.33 0.0 Cone_Blue
-11.977767599986722 -21.58606324642526 0.0 0.23 0.23 0.33 0.0 Cone_Blue
-2.2181948972547603 2.286663661655254 0.0 0.23 0.23 0.33 0.0 Cone_Blue
26.5475259362485 -15.898281522767235 0.0 0.23 0.23 0.33 0.0 Cone_Blue
21.825594195517546 -57.2718273239326 0.0 0.23 0.23 0.33 0.0 Cone_Blue
-5.101826551497327 -29.222094147986894 0.0 0.23 0.23 0.33 0.0 Cone_Blue
31.2614939574026 -18.707495225962894 0.0 0.23 0.23 0.33 0.0 Cone_Blue
21.534486124037322 -42.384113537808005 0.0 0.23 0.23 0.33 0.0 Cone_Blue
-8.902603749617528 -25.23687284449916 0.0 0.23 0.23 0.33 0.0 Cone_Blue
4.891560230867565 -12.568424782019232 0.0 0.23 0.23 0.33 0.0 Cone_Blue
20.49614019919987 -44.687909803128115 0.0 0.23 0.23 0.33 0.0 Cone_Blue
13.187049050313378 -36.58340422578664 0.0 0.23 0.23 0.33 0.0 Cone_Blue
22.155185460156936 -35.10766564580632 0.0 0.23 0.23 0.33 0.0 Cone_Blue
20.925636083255696 -33.71119695559983 0.0 0.23 0.23 0.33 0.0 Cone_Blue
15.28677399117405 -17.217368656746075 0.0 0.23 0.23 0.33 0.0 Cone_Blue
17.26816094663101 -33.232245437190116 0.0 0.23 0.23 0.33 0.0 Cone_Blue
34.662538691552605 -24.06450232029124 0.0 0.23 0.23 0.33 0.0 Cone_Blue
-10.493470465025522 -23.530450599344142 0.0 0.23 0.23 0.33 0.0 Cone_Blue
-11.350053828485114 -7.000661877067465 0.0 0.23 0.23 0.33 0.0 Cone_Blue
33.51119477178524 -57.45648950986768 0.0 0.23 0.23 0.33 0.0 Cone_Blue
-3.945568658170401 -30.787130753312894 0.0 0.23 0.23 0.33 0.0 Cone_Blue
5.869615379637347 -7.0269891536628535 0.0 0.23 0.23 0.33 0.0 Cone_Blue
0.8837289523110778 -35.842833366639056 0.0 0.23 0.23 0.33 0.0 Cone_Blue
5.100233689767769 -16.37075812572157 0.0 0.23 0.23 0.33 0.0 Cone_Blue
10.301491069303825 -17.822501897335144 0.0 0.23 0.23 0.33 0.0 Cone_Blue
29.376541919500532 -17.196277251169303 0.0 0.23 0.23 0.33 0.0 Cone_Blue
19.83445881916461 -47.771171714240566 0.0 0.23 0.23 0.33 0.0 Cone_Blue
22.466338055143506 -37.2494715971253 0.0 0.23 0.23 0.33 0.0 Cone_Blue
37.96843048262797 -41.481260945693535 0.0 0.23 0.23 0.33 0.0 Cone_Blue
1.5047132618926484 2.6871606256353076 0.0 0.23 0.23 0.33 0.0 Cone_Blue
4.607888000622432 -15.123770605899399 0.0 0.23 0.23 0.33 0.0 Cone_Blue
3.85221953113977 0.731326145720729 0.0 0.23 0.23 0.33 0.0 Cone_Blue
37.35454160857039 -34.79116989858936 0.0 0.23 0.23 0.33 0.0 Cone_Blue
5.464294596334119 -9.873104629641706 0.0 0.23 0.23 0.33 0.0 Cone_Blue
6.744345521574558 -40.92514381355024 0.0 0.23 0.23 0.33 0.0 Cone_Blue
37.95181557715931 -38.32427163217734 0.0 0.23 0.23 0.33 0.0 Cone_Blue
35.44864612754906 -54.60870623778985 0.0 0.23 0.23 0.33 0.0 Cone_Blue
