7.408814959453213 -13.775660836164267 0.0 0.23 0.23 0.33 0.0 Cone_Yellow
9.3437727529042 -12.200166114999288 0.0 0.23 0.23 0.33 0.0 Cone_Yellow
-32.87238603237355 -9.157371911911529 0.0 0.23 0.23 0.33 0.0 Cone_Yellow
-3.8031159126509504 -2.080270571718832 0.0 0.23 0.23 0.33 0.0 Cone_Yellow
15.498686863263002 -1.8934359435924935 0.0 0.23 0.23 0.33 0.0 Cone_Yellow
-28.548298710016702 -2.1729308913411343 0.0 0.23 0.23 0.33 0.0 Cone_Yellow
-4.418039060807304 -6.492253713119582 0.0 0.23 0.23 0.33 0.0 Cone_Yellow
-14.812494312173579 -17.18907088810205 0.0 0.23 0.23 0.33 0.0 Cone_Yellow
-10.52579438864769 -18.072591047026815 0.0 0.23 0.23 0.33 0.0 Cone_Yellow
26.589865572562793 -22.102835558676503 0.0 0.23 0.23 0.33 0.0 Cone_Yellow
2.1783203972540033 -20.85937377269096 0.0 0.23 0.23 0.33 0.0 Cone_Yellow
-24.58814271696609 -3.5598648257877725 0.0 0.23 0.23 0.33 0.0 Cone_Yellow
-17.041919408014508 -15.242195129310641 0.0 0.23 0.23 0.33 0.0 Cone_Yellow
17.577587954930557 -2.157483106992056 0.0 0.23 0.23 0.33 0.0 Cone_Yellow
28.00941055062067 -21.03113167408444 0.0 0.23 0.23 0.33 0.0 Cone_Yellow
16.367814716781275 -13.376812044731771 0.0 0.23 0.23 0.33 0.0 Cone_Yellow
-3.533523634147558 -10.842431231650256 0.0 0.23 0.23 0.33 0.0 Cone_Yellow
-1.932178989659807 -1.7522804828374614 0.0 0.23 0.23 0.33 0.0 Cone_Yellow
19.324878655027256 -2.6327509580148023 0.0 0.23 0.23 0.33 0.0 Cone_Yellow
-30.52300310005728 -3.0275085014492538 0.0 0.23 0.23 0.33 0.0 Cone_Yellow
-26.206381889328007 -2.202928771070379 0.0 0.23 0.23 0.33 0.0 Cone_Yellow
5.01648384515456 -1.8443002726542146 0.0 0.23 0.23 0.33 0.0 Cone_Yellow
-32.78231771824128 -4.946133035549873 0.0 0.23 0.23 0.33 0.0 Cone_Yellow
-4.247496833865759 -28.708670328278934 0.0 0.23 0.23 0.33 0.0 Cone_Yellow
24.65041867604249 -5.836551018262794 0.0 0.23 0.23 0.33 0.0 Cone_Yellow
12.706551193837248 -1.8413407553876953 0.0 0.23 0.23 0.33 0.0 Cone_Yellow
-22.704469740666276 -5.783222754973466 0.0 0.23 0.23 0.33 0.0 Cone_Yellow
-4.347090247995782 -12.807838612585842 0.0 0.23 0.23 0.33 0.0 Cone_Yellow
-3.670726156609799 -8.697012059414696 0.0 0.23 0.23 0.33 0.0 Cone_Yellow
23.401502974415983 -21.275096142095713 0.0 0.23 0.23 0.33 0.0 Cone_Yellow
0.4871418689382523 -23.372558293139633 0.0 0.23 0.23 0.33 0.0 Cone_Yellow
-28.375675066179795 -16.837994930925284 0.0 0.23 0.23 0.33 0.0 Cone_Yellow
-33.274876660399535 -6.893520343075855 0.0 0.23 0.23 0.33 0.0 Cone_Yellow
-12.220525207181376 -28.1908408572733 0.0 0.23 0.23 0.33 0.0 Cone_Yellow
8.498259822138866 -1.7929982994265858 0.0 0.23 0.23 0.33 0.0 Cone_Yellow
11.366357745683118 -11.432316506901625 0.0 0.23 0.23 0.33 0.0 Cone_Yellow
25.93737446284431 -7.4682758929688635 0.0 0.23 0.23 0.33 0.0 Cone_Yellow
-14.855617153533023 -26.725221256452212 0.0 0.23 0.23 0.33 0.0 Cone_Yellow
-30.392684716327224 -14.737738071450686 0.0 0.23 0.23 0.33 0.0 Cone_Yellow
-21.169257002199764 -8.503773864578617 0.0 0.23 0.23 0.33 0.0 Cone_Yellow
-8.366609889414653 -16.930562742733862 0.0 0.23 0.23 0.33 0.0 Cone_Yellow
-6.21083457161626 -15.001913376795837 0.0 0.23 0.23 0.33 0.0 Cone_Yellow
-17.146321409039018 -25.19266146449819 0.0 0.23 0.23 0.33 0.0 Cone_Yellow
28.408181962631232 -18.39537137059157 0.0 0.23 0.23 0.33 0.0 Cone_Yellow
10.321598543351753 -1.8028396872512948 0.0 0.23 0.23 0.33 0.0 Cone_Yellow
5.9196606122554325 -15.2838476859305 0.0 0.23 0.23 0.33 0.0 Cone_Yellow
-0.6122509046249247 -25.626727620564086 0.0 0.23 0.23 0.33 0.0 Cone_Yellow
-26.14222851698731 -18.739721489612077 0.0 0.23 0.23 0.33 0.0 Cone_Yellow
-12.68320590404993 -18.159379212300045 0.0 0.23 0.23 0.33 0.0 Cone_Yellow
20.965195069509903 -19.001746441796804 0.0 0.23 0.23 0.33 0.0 Cone_Yellow
-4.816874630392794 -3.174728922500342 0.0 0.23 0.23 0.33 0.0 Cone_Yellow
-6.579171600387408 -29.069366316119517 0.0 0.23 0.23 0.33 0.0 Cone_Yellow
23.16193976120453 -4.463198501286004 0.0 0.23 0.23 0.33 0.0 Cone_Yellow
0.8665283295115254 -1.6474152551307741 0.0 0.23 0.23 0.33 0.0 Cone_Yellow
24.970502370410713 -22.35141809882525 0.0 0.23 0.23 0.33 0.0 Cone_Yellow
-20.221259275744572 -10.479881039984676 0.0 0.23 0.23 0.33 0.0 Cone_Yellow
28.449776293893876 -15.48918049779007 0.0 0.23 0.23 0.33 0.0 Cone_Yellow
13.893683157772472 -11.657628150720301 0.0 0.23 0.23 0.33 0.0 Cone_Yellow
-9.487463210066505 -29.077420289318763 0.0 0.23 0.23 0.33 0.0 Cone_Yellow
27.70188552105386 -12.463068145617672 0.0 0.23 0.23 0.33 0.0 Cone_Yellow
21.312141763298897 -3.370004352071467 0.0 0.23 0.23 0.33 0.0 Cone_Yellow
-23.282059474435194 -20.59996825819816 0.0 0.23 0.23 0.33 0.0 Cone_Yellow
-20.285900721820894 -22.736844870493236 0.0 0.23 0.23 0.33 0.0 Cone_Yellow
-2.34506563536525 -27.416893251425922 0.0 0.23 0.23 0.33 0.0 Cone_Yellow
-31.961756707187362 -11.923936448406167 0.0 0.23 0.23 0.33 0.0 Cone_Yellow
-18.983813249262163 -12.791771799758894 0.0 0.23 0.23 0.33 0.0 Cone_Yellow
27.34292276519367 -9.99508406060417 0.0 0.23 0.23 0.33 0.0 Cone_Yellow
-5.1294627177761605 -4.637955912660483 0.0 0.23 0.23 0.33 0.0 Cone_Yellow
3.774063113444907 -18.16896360969652 0.0 0.23 0.23 0.33 0.0 Cone_Yellow
18.71067692947352 -16.013579907641578 0.0 0.23 0.23 0.33 0.0 Cone_Yellow
-36.062142906136636 -3.9253187631350475 0.0 0.23 0.23 0.33 0.0 Cone_Blue
-9.751415879250784 -13.834767257158468 0.0 0.23 0.23 0.33 0.0 Cone_Blue
31.295405480823767 -12.57860049266306 0.0 0.23 0.23 0.33 0.0 Cone_Blue
-6.95978670015406 -9.024451954597579 0.0 0.23 0.23 0.33 0.0 Cone_Blue
31.464151440063702 -15.937349507969346 0.0 0.23 0.23 0.33 0.0 Cone_Blue
22.907819618897406 -25.247470330621116 0.0 0.23 0.23 0.33 0.0 Cone_Blue
-32.794171861974604 -16.524396112943258 0.0 0.23 0.23 0.33 0.0 Cone_Blue
-34.626842296430006 -13.59269008996862 0.0 0.23 0.23 0.33 0.0 Cone_Blue
29.010225852643153 -6.146813660943839 0.0 0.23 0.23 0.33 0.0 Cone_Blue
0.4414516104730781 -28.688688034139076 0.0 0.23 0.23 0.33 0.0 Cone_Blue
-34.157824003683636 -1.692244512389971 0.0 0.23 0.23 0.33 0.0 Cone_Blue
6.740730155209195 -19.13798558326837 0.0 0.23 0.23 0.33 0.0 Cone_Blue
-1.5289311929526734 1.4741483301691927 0.0 0.23 0.23 0.33 0.0 Cone_Blue
31.83654536610228 -19.6559364491982 0.0 0.23 0.23 0.33 0.0 Cone_Blue
-19.22910344875386 -28.043853974334617 0.0 0.23 0.23 0.33 0.0 Cone_Blue
-3.630451267369544 1.6038322607434876 0.0 0.23 0.23 0.33 0.0 Cone_Blue
3.093291441395018 -24.692621131336494 0.0 0.23 0.23 0.33 0.0 Cone_Blue
5.198122518365652 1.4673855497913544 0.0 0.23 0.23 0.33 0.0 Cone_Blue
20.506491999747432 -23.943463105107604 0.0 0.23 0.23 0.33 0.0 Cone_Blue
-26.524840898669865 1.0972775119166855 0.0 0.23 0.23 0.33 0.0 Cone_Blue
2.1498634976947835 -26.274359619808187 0.0 0.23 0.23 0.33 0.0 Cone_Blue
-24.464740402930737 0.28684755290844643 0.0 0.23 0.23 0.33 0.0 Cone_Blue
26.502313875032804 -3.3085686139887533 0.0 0.23 0.23 0.33 0.0 Cone_Blue
-21.99591349755339 -1.7918990067288818 0.0 0.23 0.23 0.33 0.0 Cone_Blue
-8.914806072542602 -2.804282226807075 0.0 0.23 0.23 0.33 0.0 Cone_Blue
-31.444836772419322 -0.08245403001641205 0.0 0.23 0.23 0.33 0.0 Cone_Blue
-16.465507940156066 -11.063162042201421 0.0 0.23 0.23 0.33 0.0 Cone_Blue
-7.023086940031451 -10.945287274494236 0.0 0.23 0.23 0.33 0.0 Cone_Blue
-16.43060661843389 -29.582499893692734 0.0 0.23 0.23 0.33 0.0 Cone_Blue
11.447778925999144 -15.129590087218409 0.0 0.23 0.23 0.33 0.0 Cone_Blue
-8.161182460070044 -1.0229239187917198 0.0 0.23 0.23 0.33 0.0 Cone_Blue
22.782535551257503 -0.2441537295138423 0.0 0.23 0.23 0.33 0.0 Cone_Blue
-30.637570758849087 -19.02822035663801 0.0 0.23 0.23 0.33 0.0 Cone_Blue
-8.686931192794212 -4.74292492732257 0.0 0.23 0.23 0.33 0.0 Cone_Blue
10.16410430127814 -16.036663241060783 0.0 0.23 0.23 0.33 0.0 Cone_Blue
24.872726934072233 -1.679748307972209 0.0 0.23 0.23 0.33 0.0 Cone_Blue
-10.10119612134971 -32.1355205593912 0.0 0.23 0.23 0.33 0.0 Cone_Blue
12.571898882422317 1.2855931738093382 0.0 0.23 0.23 0.33 0.0 Cone_Blue
20.616838329215774 0.9373311947390219 0.0 0.23 0.23 0.33 0.0 Cone_Blue
31.15038562013637 -22.604137129000723 0.0 0.23 0.23 0.33 0.0 Cone_Blue
-1.8644863598819432 -30.861082967172123 0.0 0.23 0.23 0.33 0.0 Cone_Blue
-28.537088394235823 1.1176479682829517 0.0 0.23 0.23 0.33 0.0 Cone_Blue
10.345554094485648 1.2344059349812875 0.0 0.23 0.23 0.33 0.0 Cone_Blue
-7.151188247458736 -32.332123172801374 0.0 0.23 0.23 0.33 0.0 Cone_Blue
-17.56533871671106 -8.949599654606855 0.0 0.23 0.23 0.33 0.0 Cone_Blue
15.85263080779962 1.232915566598798 0.0 0.23 0.23 0.33 0.0 Cone_Blue
15.49493058509316 -17.492483942702453 0.0 0.23 0.23 0.33 0.0 Cone_Blue
-18.51523042609464 -6.607945275290006 0.0 0.23 0.23 0.33 0.0 Cone_Blue
-7.605991157347278 -6.915065208069508 0.0 0.23 0.23 0.33 0.0 Cone_Blue
-12.729568171471657 -14.422010898717627 0.0 0.23 0.23 0.33 0.0 Cone_Blue
-10.870438641604695 -14.496535150756243 0.0 0.23 0.23 0.33 0.0 Cone_Blue
4.955148801681578 -21.803649473146727 0.0 0.23 0.23 0.33 0.0 Cone_Blue
-7.998964800888295 -12.18111792828938 0.0 0.23 0.23 0.33 0.0 Cone_Blue
-13.37474917002289 -31.094415721298365 0.0 0.23 0.23 0.33 0.0 Cone_Blue
18.185440118157278 1.2058137869242074 0.0 0.23 0.23 0.33 0.0 Cone_Blue
30.735558550834625 -9.585950553879078 0.0 0.23 0.23 0.33 0.0 Cone_Blue
-36.73793542323424 -7.209024173572412 0.0 0.23 0.23 0.33 0.0 Cone_Blue
8.415068488708535 1.478326450269616 0.0 0.23 0.23 0.33 0.0 Cone_Blue
18.828772199701447 -22.02565069299508 0.0 0.23 0.23 0.33 0.0 Cone_Blue
1.4234855922775265 1.4747309908444444 0.0 0.23 0.23 0.33 0.0 Cone_Blue
12.600005596350945 -15.018480551711272 0.0 0.23 0.23 0.33 0.0 Cone_Blue
7.9589852376243275 -17.779199359645567 0.0 0.23 0.23 0.33 0.0 Cone_Blue
-4.756578725310785 -32.01170284109821 0.0 0.23 0.23 0.33 0.0 Cone_Blue
-20.289073842683045 -4.000685066828228 0.0 0.23 0.23 0.33 0.0 Cone_Blue
-14.493902448223013 -13.168506518847915 0.0 0.23 0.23 0.33 0.0 Cone_Blue
-28.25746182258888 -21.462320121119927 0.0 0.23 0.23 0.33 0.0 Cone_Blue
28.8699921748318 -25.574027482905322 0.0 0.23 0.23 0.33 0.0 Cone_Blue
13.842055726984661 -15.52315235120577 0.0 0.23 0.23 0.33 0.0 Cone_Blue
25.834388853593936 -25.922146245782077 0.0 0.23 0.23 0.33 0.0 Cone_Blue
-22.993593482248542 -25.636750365332624 0.0 0.23 0.23 0.33 0.0 Cone_Blue
17.049515947871782 -19.767575089675088 0.0 0.23 0.23 0.33 0.0 Cone_Blue
-6.299326688368982 0.7433784571073161 0.0 0.23 0.23 0.33 0.0 Cone_Blue
-25.962011621807115 -23.629753155026645 0.0 0.23 0.23 0.33 0.0 Cone_Blue
-36.015191441185074 -10.576698216155664 0.0 0.23 0.23 0.33 0.0 Cone_Blue
