-14.538864164078362 -19.436152169760753 0.0 0.23 0.23 0.33 0.0 Cone_Yellow
-16.174984135199715 -21.32012582110338 0.0 0.23 0.23 0.33 0.0 Cone_Yellow
25.937606508562947 -17.078384620016017 0.0 0.23 0.23 0.33 0.0 Cone_Yellow
-1.4874292423524764 -29.03561016500619 0.0 0.23 0.23 0.33 0.0 Cone_Yellow
-20.471267918585486 -32.52965748771183 0.0 0.23 0.23 0.33 0.0 Cone_Yellow
22.875304210819724 -24.700881073175587 0.0 0.23 0.23 0.33 0.0 Cone_Yellow
-1.6382065492614393 -24.58353290580861 0.0 0.23 0.23 0.33 0.0 Cone_Yellow
6.767922216564383 -12.26267267528852 0.0 0.23 0.23 0.33 0.0 Cone_Yellow
2.393211801918124 -12.127347535093346 0.0 0.23 0.23 0.33 0.0 Cone_Yellow
-34.86376903456819 -14.521604022936145 0.0 0.23 0.23 0.33 0.0 Cone_Yellow
-10.600605267772305 -11.560418604055435 0.0 0.23 0.23 0.33 0.0 Cone_Yellow
18.735972321805683 -24.013601842872696 0.0 0.23 0.23 0.33 0.0 Cone_Yellow
9.298183091800436 -13.798394453927042 0.0 0.23 0.23 0.33 0.0 Cone_Yellow
-22.56465376260175 -32.62602325709198 0.0 0.23 0.23 0.33 0.0 Cone_Yellow
-36.078504039492714 -15.820863823280195 0.0 0.23 0.23 0.33 0.0 Cone_Yellow
-23.29675417719556 -21.36543170585021 0.0 0.23 0.23 0.33 0.0 Cone_Yellow
-3.2556119278000217 -20.449477775043754 0.0 0.23 0.23 0.33 0.0 Cone_Yellow
-3.2744057306833634 -29.679580271741425 0.0 0.23 0.23 0.33 0.0 Cone_Yellow
-24.367562777646924 -32.45743083635775 0.0 0.23 0.23 0.33 0.0 Cone_Yellow
24.674208867918853 -23.52032935706539 0.0 0.23 0.23 0.33 0.0 Cone_Yellow
20.562934857014724 -25.072932466663556 0.0 0.23 0.23 0.33 0.0 Cone_Yellow
-10.135915547610455 -30.78051890121243 0.0 0.23 0.23 0.33 0.0 Cone_Yellow
26.57103904146494 -21.242686290314623 0.0 0.23 0.23 0.33 0.0 Cone_Yellow
-5.616016985296517 -2.7254617190714505 0.0 0.23 0.23 0.33 0.0 Cone_Yellow
-30.16361905624198 -30.214343018897445 0.0 0.23 0.23 0.33 0.0 Cone_Yellow
-17.71155960323116 -32.10217003844827 0.0 0.23 0.23 0.33 0.0 Cone_Yellow
16.49892911539069 -22.146202031491203 0.0 0.23 0.23 0.33 0.0 Cone_Yellow
-2.791135947345979 -18.373669770486057 0.0 0.23 0.23 0.33 0.0 Cone_Yellow
-2.752533440920347 -22.539587818272285 0.0 0.23 0.23 0.33 0.0 Cone_Yellow
-31.5806914645316 -14.790323706148296 0.0 0.23 0.23 0.33 0.0 Cone_Yellow
-9.365453625229712 -8.794450117542372 0.0 0.23 0.23 0.33 0.0 Cone_Yellow
20.190391071330325 -10.28265844897836 0.0 0.23 0.23 0.33 0.0 Cone_Yellow
26.722352736482033 -19.239679599683356 0.0 0.23 0.23 0.33 0.0 Cone_Yellow
2.3277042780925825 -1.868361204360511 0.0 0.23 0.23 0.33 0.0 Cone_Yellow
-13.557317157040753 -31.428135202234756 0.0 0.23 0.23 0.33 0.0 Cone_Yellow
-18.035932721647942 -22.42344510049017 0.0 0.23 0.23 0.33 0.0 Cone_Yellow
-31.711327940833133 -28.82748380741459 0.0 0.23 0.23 0.33 0.0 Cone_Yellow
5.175094233583263 -2.8603898437702036 0.0 0.23 0.23 0.33 0.0 Cone_Yellow
22.537685731554255 -12.00591541839475 0.0 0.23 0.23 0.33 0.0 Cone_Yellow
14.519922829891918 -19.729218247044145 0.0 0.23 0.23 0.33 0.0 Cone_Yellow
0.46185344848709775 -13.622727506928818 0.0 0.23 0.23 0.33 0.0 Cone_Yellow
-1.331252076334522 -15.892491409720492 0.0 0.23 0.23 0.33 0.0 Cone_Yellow
7.694677314745807 -3.9774245787837934 0.0 0.23 0.23 0.33 0.0 Cone_Yellow
-36.019373488685446 -18.48596318249121 0.0 0.23 0.23 0.33 0.0 Cone_Yellow
-15.355333751131473 -31.731115849410394 0.0 0.23 0.23 0.33 0.0 Cone_Yellow
-13.330401462183005 -17.69493818471652 0.0 0.23 0.23 0.33 0.0 Cone_Yellow
-8.66890403484084 -6.38514264538502 0.0 0.23 0.23 0.33 0.0 Cone_Yellow
17.663910749598436 -8.792106679996113 0.0 0.23 0.23 0.33 0.0 Cone_Yellow
4.503781875327736 -11.671880085488631 0.0 0.23 0.23 0.33 0.0 Cone_Yellow
-28.79062684614372 -16.61220583531503 0.0 0.23 0.23 0.33 0.0 Cone_Yellow
-0.6763714997847767 -27.783519450395637 0.0 0.23 0.23 0.33 0.0 Cone_Yellow
-3.3807363207313506 -1.970260313419164 0.0 0.23 0.23 0.33 0.0 Cone_Yellow
-28.461679406303663 -31.312098931553585 0.0 0.23 0.23 0.33 0.0 Cone_Yellow
-6.013671903638579 -30.26282996789947 0.0 0.23 0.23 0.33 0.0 Cone_Yellow
-33.311022366096864 -13.999006430804048 0.0 0.23 0.23 0.33 0.0 Cone_Yellow
13.247094306340475 -17.944951784968097 0.0 0.23 0.23 0.33 0.0 Cone_Yellow
-35.56198191576277 -21.35623641453154 0.0 0.23 0.23 0.33 0.0 Cone_Yellow
-20.564457630675236 -22.634870879101495 0.0 0.23 0.23 0.33 0.0 Cone_Yellow
-0.5169074377976113 -1.463595648489168 0.0 0.23 0.23 0.33 0.0 Cone_Yellow
-34.30623536882797 -24.20926939470035 0.0 0.23 0.23 0.33 0.0 Cone_Yellow
-26.451816137881313 -32.071885561588104 0.0 0.23 0.23 0.33 0.0 Cone_Yellow
14.527104988677852 -7.449894099864377 0.0 0.23 0.23 0.33 0.0 Cone_Yellow
11.208885960948923 -5.858469765797999 0.0 0.23 0.23 0.33 0.0 Cone_Yellow
-7.268745667251628 -4.324342698117082 0.0 0.23 0.23 0.33 0.0 Cone_Yellow
24.566040815931874 -14.508961989681282 0.0 0.23 0.23 0.33 0.0 Cone_Yellow
11.631523152208644 -15.879512025613284 0.0 0.23 0.23 0.33 0.0 Cone_Yellow
-33.52936644114619 -26.579137402243646 0.0 0.23 0.23 0.33 0.0 Cone_Yellow
-0.6193361851873327 -26.288363435126374 0.0 0.23 0.23 0.33 0.0 Cone_Yellow
-11.711343186246651 -14.48462156176603 0.0 0.23 0.23 0.33 0.0 Cone_Yellow
-26.057078313552303 -19.169490273848538 0.0 0.23 0.23 0.33 0.0 Cone_Yellow
29.977333881111715 -21.685936228063504 0.0 0.23 0.23 0.33 0.0 Cone_Blue
2.3570300052388653 -16.435189619870705 0.0 0.23 0.23 0.33 0.0 Cone_Blue
-37.86633533243629 -24.71168523202488 0.0 0.23 0.23 0.33 0.0 Cone_Blue
0.4316538346737353 -21.652972040157668 0.0 0.23 0.23 0.33 0.0 Cone_Blue
-38.60855853208356 -21.431628087936364 0.0 0.23 0.23 0.33 0.0 Cone_Blue
-31.775526009840352 -10.792134184735726 0.0 0.23 0.23 0.33 0.0 Cone_Blue
24.597212726053723 -9.8339034417087 0.0 0.23 0.23 0.33 0.0 Cone_Blue
26.905480375281126 -12.407904526790631 0.0 0.23 0.23 0.33 0.0 Cone_Blue
-34.51204837668324 -30.656320359616252 0.0 0.23 0.23 0.33 0.0 Cone_Blue
-10.232079647584658 -3.5492349303231947 0.0 0.23 0.23 0.33 0.0 Cone_Blue
28.484164325893506 -24.21249431584814 0.0 0.23 0.23 0.33 0.0 Cone_Blue
-14.800237174785028 -14.038694606394365 0.0 0.23 0.23 0.33 0.0 Cone_Blue
-3.118394137604568 -32.92736598723648 0.0 0.23 0.23 0.33 0.0 Cone_Blue
-39.613119992871596 -17.831986113082802 0.0 0.23 0.23 0.33 0.0 Cone_Blue
9.257668015377934 -0.8113007936415322 0.0 0.23 0.23 0.33 0.0 Cone_Blue
-1.0257657275305725 -32.694748527922975 0.0 0.23 0.23 0.33 0.0 Cone_Blue
-12.159369058697294 -7.940858856202031 0.0 0.23 0.23 0.33 0.0 Cone_Blue
-9.746957262482427 -34.074295919564335 0.0 0.23 0.23 0.33 0.0 Cone_Blue
-29.186151732853666 -11.665031677207569 0.0 0.23 0.23 0.33 0.0 Cone_Blue
21.44261411973733 -28.269640467972735 0.0 0.23 0.23 0.33 0.0 Cone_Blue
-11.501161759122482 -6.220766974454545 0.0 0.23 0.23 0.33 0.0 Cone_Blue
19.274053615092324 -27.824493179205835 0.0 0.23 0.23 0.33 0.0 Cone_Blue
-31.554568991361954 -33.02245077009793 0.0 0.23 0.23 0.33 0.0 Cone_Blue
16.48532333948049 -26.19990800205904 0.0 0.23 0.23 0.33 0.0 Cone_Blue
3.4243820428630514 -27.445742539741076 0.0 0.23 0.23 0.33 0.0 Cone_Blue
26.087421379030257 -26.263676502004444 0.0 0.23 0.23 0.33 0.0 Cone_Blue
9.446954022271225 -18.014368236302733 0.0 0.23 0.23 0.33 0.0 Cone_Blue
0.16462087578591422 -19.74973567927165 0.0 0.23 0.23 0.33 0.0 Cone_Blue
6.236770793496461 0.22465082168473316 0.0 0.23 0.23 0.33 0.0 Cone_Blue
-18.75017678884992 -18.794903141413588 0.0 0.23 0.23 0.33 0.0 Cone_Blue
2.9873993489422794 -29.32994849876606 0.0 0.23 0.23 0.33 0.0 Cone_Blue
-27.364390219129156 -35.403583109752674 0.0 0.23 0.23 0.33 0.0 Cone_Blue
22.04318845556885 -7.736995196913526 0.0 0.23 0.23 0.33 0.0 Cone_Blue
2.8674335392978154 -25.57489491220462 0.0 0.23 0.23 0.33 0.0 Cone_Blue
-17.64106764796825 -17.68113513945497 0.0 0.23 0.23 0.33 0.0 Cone_Blue
-29.669802564712494 -34.34769214600501 0.0 0.23 0.23 0.33 0.0 Cone_Blue
-0.43668599578517586 1.6544501928112325 0.0 0.23 0.23 0.33 0.0 Cone_Blue
-17.04267794823228 -35.159692626122634 0.0 0.23 0.23 0.33 0.0 Cone_Blue
-25.028166664769543 -36.196180477809975 0.0 0.23 0.23 0.33 0.0 Cone_Blue
-39.442698409219794 -14.8097917233723 0.0 0.23 0.23 0.33 0.0 Cone_Blue
-8.33283472810153 -1.01358542693945 0.0 0.23 0.23 0.33 0.0 Cone_Blue
23.428546696607416 -27.944637792552722 0.0 0.23 0.23 0.33 0.0 Cone_Blue
-14.858090691453583 -34.727477672989664 0.0 0.23 0.23 0.33 0.0 Cone_Blue
-3.3767088328159858 1.3422567249811408 0.0 0.23 0.23 0.33 0.0 Cone_Blue
10.892938020677995 -19.90801656153727 0.0 0.23 0.23 0.33 0.0 Cone_Blue
-20.28384464104698 -35.67039348365071 0.0 0.23 0.23 0.33 0.0 Cone_Blue
-23.142578673148236 -17.16103974112448 0.0 0.23 0.23 0.33 0.0 Cone_Blue
12.230318535709944 -22.05209045246135 0.0 0.23 0.23 0.33 0.0 Cone_Blue
1.4300151840804602 -23.620296940354745 0.0 0.23 0.23 0.33 0.0 Cone_Blue
5.190362037677961 -15.345934936995004 0.0 0.23 0.23 0.33 0.0 Cone_Blue
3.345992640453744 -15.591328497521861 0.0 0.23 0.23 0.33 0.0 Cone_Blue
-13.498229139743678 -11.106316762296728 0.0 0.23 0.23 0.33 0.0 Cone_Blue
0.9141155967311771 -18.364862880980976 0.0 0.23 0.23 0.33 0.0 Cone_Blue
2.966909155028752 1.1901346796806536 0.0 0.23 0.23 0.33 0.0 Cone_Blue
-22.586744758077955 -36.04373626974899 0.0 0.23 0.23 0.33 0.0 Cone_Blue
-36.80158538667368 -27.563998292353382 0.0 0.23 0.23 0.33 0.0 Cone_Blue
30.0800075948088 -18.334984891917845 0.0 0.23 0.23 0.33 0.0 Cone_Blue
-12.914373229888216 -34.63673451072912 0.0 0.23 0.23 0.33 0.0 Cone_Blue
-27.204407485309197 -13.26673012349626 0.0 0.23 0.23 0.33 0.0 Cone_Blue
-6.0269757759028515 -33.43423684510519 0.0 0.23 0.23 0.33 0.0 Cone_Blue
-19.86628142409519 -19.10195699977499 0.0 0.23 0.23 0.33 0.0 Cone_Blue
-15.767433590886963 -15.586265780853555 0.0 0.23 0.23 0.33 0.0 Cone_Blue
-5.6808986706772755 0.6159419560089248 0.0 0.23 0.23 0.33 0.0 Cone_Blue
14.424992822910951 -24.316539841231375 0.0 0.23 0.23 0.33 0.0 Cone_Blue
7.143518479019562 -16.278312857217315 0.0 0.23 0.23 0.33 0.0 Cone_Blue
19.280923996133197 -5.747106941745592 0.0 0.23 0.23 0.33 0.0 Cone_Blue
-37.70537855854319 -11.492840907329253 0.0 0.23 0.23 0.33 0.0 Cone_Blue
-21.176476535311064 -18.817754742996 0.0 0.23 0.23 0.33 0.0 Cone_Blue
-34.774440077859396 -10.629316837355393 0.0 0.23 0.23 0.33 0.0 Cone_Blue
13.379176778137651 -2.5371914376992706 0.0 0.23 0.23 0.33 0.0 Cone_Blue
-25.064280660670995 -15.186239283268076 0.0 0.23 0.23 0.33 0.0 Cone_Blue
1.4560192690007394 -31.389367360600968 0.0 0.23 0.23 0.33 0.0 Cone_Blue
16.647793683435435 -4.005417435234357 0.0 0.23 0.23 0.33 0.0 Cone_Blue
28.79046243432035 -15.14113758815736 0.0 0.23 0.23 0.33 0.0 Cone_Blue
