11.103300260011945 -9.723369040107672 0.0 0.23 0.23 0.33 0.0 Cone_Yellow
13.597573165915943 -9.792996259847168 0.0 0.23 0.23 0.33 0.0 Cone_Yellow
-16.396448380300253 20.070381490019756 0.0 0.23 0.23 0.33 0.0 Cone_Yellow
10.24449049577721 6.455382243825911 0.0 0.23 0.23 0.33 0.0 Cone_Yellow
24.988297673749 -6.003134821914065 0.0 0.23 0.23 0.33 0.0 Cone_Yellow
-8.561406041686443 22.538631698836266 0.0 0.23 0.23 0.33 0.0 Cone_Yellow
6.898558271224545 3.51455527393411 0.0 0.23 0.23 0.33 0.0 Cone_Yellow
-7.958423900512205 2.196724330166179 0.0 0.23 0.23 0.33 0.0 Cone_Yellow
-5.287841515796327 -1.270896443798088 0.0 0.23 0.23 0.33 0.0 Cone_Yellow
20.19776082690705 -28.55274312633551 0.0 0.23 0.23 0.33 0.0 Cone_Yellow
2.516816417037255 -11.675126593351873 0.0 0.23 0.23 0.33 0.0 Cone_Yellow
-6.466817188422031 18.902821092713506 0.0 0.23 0.23 0.33 0.0 Cone_Yellow
-8.37639364224517 5.126905685156112 0.0 0.23 0.23 0.33 0.0 Cone_Yellow
26.39077588548862 -7.560249306796777 0.0 0.23 0.23 0.33 0.0 Cone_Yellow
21.972718759883975 -28.667553827671846 0.0 0.23 0.23 0.33 0.0 Cone_Yellow
18.15044533368028 -15.26958426500686 0.0 0.23 0.23 0.33 0.0 Cone_Yellow
4.728853465222187 -0.35827225095504245 0.0 0.23 0.23 0.33 0.0 Cone_Yellow
11.875904852625581 5.482515518891301 0.0 0.23 0.23 0.33 0.0 Cone_Yellow
27.404163672748687 -9.060899003925435 0.0 0.23 0.23 0.33 0.0 Cone_Yellow
-10.615179984433066 23.18032704075379 0.0 0.23 0.23 0.33 0.0 Cone_Yellow
-6.806898136105108 20.987123955682694 0.0 0.23 0.23 0.33 0.0 Cone_Yellow
17.07970913234913 0.8767795460006238 0.0 0.23 0.23 0.33 0.0 Cone_Yellow
-13.57915761041307 23.20175784761379 0.0 0.23 0.23 0.33 0.0 Cone_Yellow
-7.474935823904861 -13.426546206394104 0.0 0.23 0.23 0.33 0.0 Cone_Yellow
29.347047764592602 -14.964365167726143 0.0 0.23 0.23 0.33 0.0 Cone_Yellow
22.907156953889398 -4.1409885308681815 0.0 0.23 0.23 0.33 0.0 Cone_Yellow
-6.491252899476898 15.988898091167247 0.0 0.23 0.23 0.33 0.0 Cone_Yellow
2.8295450050496136 -1.3160531138466705 0.0 0.23 0.23 0.33 0.0 Cone_Yellow
6.025428621584982 1.356528268250822 0.0 0.23 0.23 0.33 0.0 Cone_Yellow
18.322797174900792 -25.84436355495369 0.0 0.23 0.23 0.33 0.0 Cone_Yellow
-0.4049003671558644 -12.474971754256938 0.0 0.23 0.23 0.33 0.0 Cone_Yellow
-18.003865176717117 11.316605692326052 0.0 0.23 0.23 0.33 0.0 Cone_Yellow
-15.223527310318037 22.04807681411805 0.0 0.23 0.23 0.33 0.0 Cone_Yellow
-13.176770701327843 -7.8295463106159495 0.0 0.23 0.23 0.33 0.0 Cone_Yellow
19.750775159762313 -1.3572307770644283 0.0 0.23 0.23 0.33 0.0 Cone_Yellow
15.631003173955511 -10.531647379168351 0.0 0.23 0.23 0.33 0.0 Cone_Yellow
29.256789275464662 -17.04057196596604 0.0 0.23 0.23 0.33 0.0 Cone_Yellow
-14.21620826603954 -4.99911879359586 0.0 0.23 0.23 0.33 0.0 Cone_Yellow
-18.160796344600133 14.22431603090946 0.0 0.23 0.23 0.33 0.0 Cone_Yellow
-7.104223819744938 12.925804370232576 0.0 0.23 0.23 0.33 0.0 Cone_Yellow
-2.906671588561739 -1.815264083512385 0.0 0.23 0.23 0.33 0.0 Cone_Yellow
-0.014584761012596203 -1.7615111349548553 0.0 0.23 0.23 0.33 0.0 Cone_Yellow
-14.951061191364314 -2.3427948901064837 0.0 0.23 0.23 0.33 0.0 Cone_Yellow
23.99540485957695 -26.931180607821194 0.0 0.23 0.23 0.33 0.0 Cone_Yellow
21.125598593588645 -2.5549458813319403 0.0 0.23 0.23 0.33 0.0 Cone_Yellow
8.990678269348258 -9.893770237726827 0.0 0.23 0.23 0.33 0.0 Cone_Yellow
-2.709234239327408 -13.464915809659583 0.0 0.23 0.23 0.33 0.0 Cone_Yellow
-17.553376021818874 8.41800138793512 0.0 0.23 0.23 0.33 0.0 Cone_Yellow
-6.9788166269027165 0.07169798716027431 0.0 0.23 0.23 0.33 0.0 Cone_Yellow
17.961225296878617 -22.53181455993784 0.0 0.23 0.23 0.33 0.0 Cone_Yellow
8.762077029656364 6.288061788242764 0.0 0.23 0.23 0.33 0.0 Cone_Yellow
-9.476726593949035 -12.177689719265164 0.0 0.23 0.23 0.33 0.0 Cone_Yellow
29.115981628756398 -12.95233259923392 0.0 0.23 0.23 0.33 0.0 Cone_Yellow
14.064486258437524 3.7349827425178845 0.0 0.23 0.23 0.33 0.0 Cone_Yellow
18.808759612913665 -27.683947357885895 0.0 0.23 0.23 0.33 0.0 Cone_Yellow
-7.676065628554895 10.809983913825066 0.0 0.23 0.23 0.33 0.0 Cone_Yellow
25.924050614424402 -24.756783903018498 0.0 0.23 0.23 0.33 0.0 Cone_Yellow
17.398465925647045 -12.352145799056675 0.0 0.23 0.23 0.33 0.0 Cone_Yellow
-11.685124673535999 -10.2852830833936 0.0 0.23 0.23 0.33 0.0 Cone_Yellow
27.33291535869681 -21.976173051350134 0.0 0.23 0.23 0.33 0.0 Cone_Yellow
28.42831768838577 -10.91666455506598 0.0 0.23 0.23 0.33 0.0 Cone_Yellow
-16.60104330421156 5.1417005185119375 0.0 0.23 0.23 0.33 0.0 Cone_Yellow
-15.726274845315029 1.5670691990104761 0.0 0.23 0.23 0.33 0.0 Cone_Yellow
-5.190511485005434 -13.689867153443327 0.0 0.23 0.23 0.33 0.0 Cone_Yellow
-17.512601948709847 17.380153560232888 0.0 0.23 0.23 0.33 0.0 Cone_Yellow
-8.247836084605954 8.250845367522095 0.0 0.23 0.23 0.33 0.0 Cone_Yellow
28.672066388637187 -19.872254273691574 0.0 0.23 0.23 0.33 0.0 Cone_Yellow
7.570097739277127 5.383667013592829 0.0 0.23 0.23 0.33 0.0 Cone_Yellow
5.481928356077674 -10.678726648359852 0.0 0.23 0.23 0.33 0.0 Cone_Yellow
18.20399231741922 -18.796435669739925 0.0 0.23 0.23 0.33 0.0 Cone_Yellow
-15.397370011334257 26.116104894047183 0.0 0.23 0.23 0.33 0.0 Cone_Blue
-1.9348055761026224 1.4339071603314708 0.0 0.23 0.23 0.33 0.0 Cone_Blue
29.979723651306877 -24.40951217417069 0.0 0.23 0.23 0.33 0.0 Cone_Blue
3.320091331353403 3.255550724710855 0.0 0.23 0.23 0.33 0.0 Cone_Blue
27.914992520021734 -27.064047067910597 0.0 0.23 0.23 0.33 0.0 Cone_Blue
15.355681617877208 -28.531314470107812 0.0 0.23 0.23 0.33 0.0 Cone_Blue
-21.146328424204025 14.438525436855482 0.0 0.23 0.23 0.33 0.0 Cone_Blue
-20.620852803764297 17.855754796848196 0.0 0.23 0.23 0.33 0.0 Cone_Blue
32.447229240013584 -18.045445553571124 0.0 0.23 0.23 0.33 0.0 Cone_Blue
-3.9098363691337745 -16.472314202046036 0.0 0.23 0.23 0.33 0.0 Cone_Blue
-12.497044942062661 26.564619759057482 0.0 0.23 0.23 0.33 0.0 Cone_Blue
7.096721226174003 -13.349412123784019 0.0 0.23 0.23 0.33 0.0 Cone_Blue
14.287565320469238 7.663420252892491 0.0 0.23 0.23 0.33 0.0 Cone_Blue
25.769633287150448 -30.124112400148146 0.0 0.23 0.23 0.33 0.0 Cone_Blue
-18.390081112982525 -3.143058429085451 0.0 0.23 0.23 0.33 0.0 Cone_Blue
12.780241210511194 9.133515002412224 0.0 0.23 0.23 0.33 0.0 Cone_Blue
0.7076304649108565 -15.17624120370212 0.0 0.23 0.23 0.33 0.0 Cone_Blue
19.379147380836727 3.2669342137125623 0.0 0.23 0.23 0.33 0.0 Cone_Blue
14.387830169397512 -25.975913767212138 0.0 0.23 0.23 0.33 0.0 Cone_Blue
-4.893796476975641 23.695041918386583 0.0 0.23 0.23 0.33 0.0 Cone_Blue
-1.039597084382745 -15.758606056570695 0.0 0.23 0.23 0.33 0.0 Cone_Blue
-3.8622344290229016 21.736294739134944 0.0 0.23 0.23 0.33 0.0 Cone_Blue
32.40017341629461 -14.258224516522894 0.0 0.23 0.23 0.33 0.0 Cone_Blue
-3.348992920924861 18.549936833581274 0.0 0.23 0.23 0.33 0.0 Cone_Blue
5.8995639275449125 9.243783628868217 0.0 0.23 0.23 0.33 0.0 Cone_Blue
-9.390997432355242 26.013081925736838 0.0 0.23 0.23 0.33 0.0 Cone_Blue
-5.211703265007923 7.9164043031257165 0.0 0.23 0.23 0.33 0.0 Cone_Blue
2.018234188075672 1.8417674227059933 0.0 0.23 0.23 0.33 0.0 Cone_Blue
-17.274529144074602 -6.135475441992236 0.0 0.23 0.23 0.33 0.0 Cone_Blue
13.279134297966902 -13.385622523851403 0.0 0.23 0.23 0.33 0.0 Cone_Blue
7.633317648199194 10.101270659049403 0.0 0.23 0.23 0.33 0.0 Cone_Blue
31.582724887675788 -9.508575343659814 0.0 0.23 0.23 0.33 0.0 Cone_Blue
-21.147096796968423 11.133973489780194 0.0 0.23 0.23 0.33 0.0 Cone_Blue
4.806658407115734 7.6264339435812705 0.0 0.23 0.23 0.33 0.0 Cone_Blue
11.714572808249928 -13.234792840205365 0.0 0.23 0.23 0.33 0.0 Cone_Blue
32.22897981400851 -11.96055135917928 0.0 0.23 0.23 0.33 0.0 Cone_Blue
-14.146352119961985 -12.201269723526751 0.0 0.23 0.23 0.33 0.0 Cone_Blue
24.84638840808138 -1.6843183434792794 0.0 0.23 0.23 0.33 0.0 Cone_Blue
30.713390838858786 -7.199807404831077 0.0 0.23 0.23 0.33 0.0 Cone_Blue
23.325281293645197 -31.909566341648453 0.0 0.23 0.23 0.33 0.0 Cone_Blue
-7.074792082068537 -16.612688713102326 0.0 0.23 0.23 0.33 0.0 Cone_Blue
-6.404852142150528 25.02405121694207 0.0 0.23 0.23 0.33 0.0 Cone_Blue
23.12643372427157 -0.26975581964644624 0.0 0.23 0.23 0.33 0.0 Cone_Blue
-12.039950462651237 -14.275943457321297 0.0 0.23 0.23 0.33 0.0 Cone_Blue
-4.665151130771388 10.235467576922593 0.0 0.23 0.23 0.33 0.0 Cone_Blue
27.29727901007775 -3.8658572850380044 0.0 0.23 0.23 0.33 0.0 Cone_Blue
14.80252737975956 -17.817549581276648 0.0 0.23 0.23 0.33 0.0 Cone_Blue
-3.8561180052796367 12.629440194474114 0.0 0.23 0.23 0.33 0.0 Cone_Blue
4.207556678108324 5.275327421584503 0.0 0.23 0.23 0.33 0.0 Cone_Blue
-4.574215804877905 2.9331602458538932 0.0 0.23 0.23 0.33 0.0 Cone_Blue
-3.2145039035551974 1.6630815009066926 0.0 0.23 0.23 0.33 0.0 Cone_Blue
4.00395351875958 -14.203140799559574 0.0 0.23 0.23 0.33 0.0 Cone_Blue
0.47223027173004795 1.5426238203771727 0.0 0.23 0.23 0.33 0.0 Cone_Blue
-15.946567631727493 -9.275646207491814 0.0 0.23 0.23 0.33 0.0 Cone_Blue
29.046778182580585 -5.409225818592059 0.0 0.23 0.23 0.33 0.0 Cone_Blue
31.509194717851365 -21.777003770057743 0.0 0.23 0.23 0.33 0.0 Cone_Blue
-18.052883049404702 24.069725834992244 0.0 0.23 0.23 0.33 0.0 Cone_Blue
21.823247333935463 1.1752276141457525 0.0 0.23 0.23 0.33 0.0 Cone_Blue
14.368825680855984 -23.427897479011754 0.0 0.23 0.23 0.33 0.0 Cone_Blue
16.524512674972776 5.736549279946427 0.0 0.23 0.23 0.33 0.0 Cone_Blue
14.224520783008355 -14.053616552755539 0.0 0.23 0.23 0.33 0.0 Cone_Blue
8.906599365276655 -13.115346814659105 0.0 0.23 0.23 0.33 0.0 Cone_Blue
-10.016775846017506 -15.596393540868327 0.0 0.23 0.23 0.33 0.0 Cone_Blue
-3.497874147056791 15.762487847997404 0.0 0.23 0.23 0.33 0.0 Cone_Blue
-5.0924886112292995 5.0344793479107235 0.0 0.23 0.23 0.33 0.0 Cone_Blue
-20.933034019435755 7.736336466908034 0.0 0.23 0.23 0.33 0.0 Cone_Blue
19.6590783490648 -32.6707489404732 0.0 0.23 0.23 0.33 0.0 Cone_Blue
14.83597514972627 -15.246724137860017 0.0 0.23 0.23 0.33 0.0 Cone_Blue
17.132245470643134 -30.95284620704953 0.0 0.23 0.23 0.33 0.0 Cone_Blue
-19.670487611179627 1.1378400976406629 0.0 0.23 0.23 0.33 0.0 Cone_Blue
14.495024396388507 -20.555836873073602 0.0 0.23 0.23 0.33 0.0 Cone_Blue
10.196770618065099 10.223907802724618 0.0 0.23 0.23 0.33 0.0 Cone_Blue
-20.609025669975185 4.5959740403370155 0.0 0.23 0.23 0.33 0.0 Cone_Blue
-19.703765978147498 21.04678473793744 0.0 0.23 0.23 0.33 0.0 Cone_Blue
