-7.0183198341279045 -13.929196854121933 0.0 0.23 0.23 0.33 0.0 Cone_Yellow
-5.175516556846638 -12.246840958332685 0.0 0.23 0.23 0.33 0.0 Cone_Yellow
-47.496175755438024 -11.595331831143984 0.0 0.23 0.23 0.33 0.0 Cone_Yellow
-18.8734464457617 -2.8863022906182323 0.0 0.23 0.23 0.33 0.0 Cone_Yellow
0.38693088962963706 -1.6086628747851752 0.0 0.23 0.23 0.33 0.0 Cone_Yellow
-43.57382327617389 -4.377624537993056 0.0 0.23 0.23 0.33 0.0 Cone_Yellow
-19.23798316977489 -7.325991321956878 0.0 0.23 0.23 0.33 0.0 Cone_Yellow
-29.011141586472036 -18.593287901429594 0.0 0.23 0.23 0.33 0.0 Cone_Yellow
-24.681352034666176 -19.233074227210395 0.0 0.23 0.23 0.33 0.0 Cone_Yellow
12.602783298628344 -21.158778677136407 0.0 0.23 0.23 0.33 0.0 Cone_Yellow
-11.840018490456092 -21.2972552415042 0.0 0.23 0.23 0.33 0.0 Cone_Yellow
-39.541598238127655 -5.538478736575879 0.0 0.23 0.23 0.33 0.0 Cone_Yellow
-31.347055915707884 -16.775551472624354 0.0 0.23 0.23 0.33 0.0 Cone_Yellow
2.4774339912496988 -1.7547704911260578 0.0 0.23 0.23 0.33 0.0 Cone_Yellow
13.959476496840969 -20.008543602509203 0.0 0.23 0.23 0.33 0.0 Cone_Yellow
1.9038079583025276 -13.024546277505806 0.0 0.23 0.23 0.33 0.0 Cone_Yellow
-18.108972733536863 -11.619212422435442 0.0 0.23 0.23 0.33 0.0 Cone_Yellow
-17.024042000545645 -2.4530752528758186 0.0 0.23 0.23 0.33 0.0 Cone_Yellow
4.248796958469605 -2.1305065144483897 0.0 0.23 0.23 0.33 0.0 Cone_Yellow
-45.49706201647589 -5.342462901422529 0.0 0.23 0.23 0.33 0.0 Cone_Yellow
-41.23395548671618 -4.275189213660217 0.0 0.23 0.23 0.33 0.0 Cone_Yellow
-10.081288459443442 -2.152149844907062 0.0 0.23 0.23 0.33 0.0 Cone_Yellow
-47.644306824109975 -7.385735370497846 0.0 0.23 0.23 0.33 0.0 Cone_Yellow
-17.811851116042 -29.49724296084308 0.0 0.23 0.23 0.33 0.0 Cone_Yellow
9.74692761552514 -5.028138412986586 0.0 0.23 0.23 0.33 0.0 Cone_Yellow
-2.4036849697113976 -1.714486457733321 0.0 0.23 0.23 0.33 0.0 Cone_Yellow
-37.53525401929825 -7.651800112629443 0.0 0.23 0.23 0.33 0.0 Cone_Yellow
-18.810136746965604 -13.627466847172771 0.0 0.23 0.23 0.33 0.0 Cone_Yellow
-18.367233370067105 -9.484979679648259 0.0 0.23 0.23 0.33 0.0 Cone_Yellow
9.37272801652332 -20.512596447754905 0.0 0.23 0.23 0.33 0.0 Cone_Yellow
-13.386426035558756 -23.90202105687198 0.0 0.23 0.23 0.33 0.0 Cone_Yellow
-42.5724803865833 -19.00948069587617 0.0 0.23 0.23 0.33 0.0 Cone_Yellow
-48.02599511232079 -9.357852427788321 0.0 0.23 0.23 0.33 0.0 Cone_Yellow
-25.80140263342809 -29.430945496551555 0.0 0.23 0.23 0.33 0.0 Cone_Yellow
-6.6079799352168225 -1.9041100458893014 0.0 0.23 0.23 0.33 0.0 Cone_Yellow
-3.199571164818348 -11.365885294639897 0.0 0.23 0.23 0.33 0.0 Cone_Yellow
11.124064629214617 -6.58450434342957 0.0 0.23 0.23 0.33 0.0 Cone_Yellow
-28.51513041612813 -28.116627459910426 0.0 0.23 0.23 0.33 0.0 Cone_Yellow
-44.70498934251713 -17.026600881711946 0.0 0.23 0.23 0.33 0.0 Cone_Yellow
-35.848707218420756 -10.281217611006893 0.0 0.23 0.23 0.33 0.0 Cone_Yellow
-22.590177352438936 -17.97081640966824 0.0 0.23 0.23 0.33 0.0 Cone_Yellow
-20.54687297343898 -15.923388068474955 0.0 0.23 0.23 0.33 0.0 Cone_Yellow
-30.888805224425987 -26.7160085229545 0.0 0.23 0.23 0.33 0.0 Cone_Yellow
14.208614473613755 -17.354455946640382 0.0 0.23 0.23 0.33 0.0 Cone_Yellow
-4.787000447051114 -1.810864944847383 0.0 0.23 0.23 0.33 0.0 Cone_Yellow
-8.419837331734707 -15.51915186841882 0.0 0.23 0.23 0.33 0.0 Cone_Yellow
-14.356635863970105 -26.21473303983012 0.0 0.23 0.23 0.33 0.0 Cone_Yellow
-40.235103254632634 -20.781912791937586 0.0 0.23 0.23 0.33 0.0 Cone_Yellow
-26.830407796760063 -19.441679030205773 0.0 0.23 0.23 0.33 0.0 Cone_Yellow
6.811806578753325 -18.380602907209564 0.0 0.23 0.23 0.33 0.0 Cone_Yellow
-19.823715965777765 -4.036316924751819 0.0 0.23 0.23 0.33 0.0 Cone_Yellow
-20.119407858263298 -29.989168457140146 0.0 0.23 0.23 0.33 0.0 Cone_Yellow
8.18319513604792 -3.741123514692198 0.0 0.23 0.23 0.33 0.0 Cone_Yellow
-14.235737749381899 -2.1901707506181665 0.0 0.23 0.23 0.33 0.0 Cone_Yellow
11.000061507037616 -21.498504034611038 0.0 0.23 0.23 0.33 0.0 Cone_Yellow
-34.79051882169145 -12.200575986892698 0.0 0.23 0.23 0.33 0.0 Cone_Yellow
14.085859445880759 -14.450560858880806 0.0 0.23 0.23 0.33 0.0 Cone_Yellow
-0.6635504456511825 -11.4479705392807 0.0 0.23 0.23 0.33 0.0 Cone_Yellow
-23.022593775536013 -30.16161115244358 0.0 0.23 0.23 0.33 0.0 Cone_Yellow
13.168102724331687 -11.471564521836884 0.0 0.23 0.23 0.33 0.0 Cone_Yellow
6.274558284727911 -2.7542438610789395 0.0 0.23 0.23 0.33 0.0 Cone_Yellow
-37.27435056403397 -22.47750369104067 0.0 0.23 0.23 0.33 0.0 Cone_Yellow
-34.162188120678344 -24.44159479208658 0.0 0.23 0.23 0.33 0.0 Cone_Yellow
-15.985484266973222 -28.099989721829633 0.0 0.23 0.23 0.33 0.0 Cone_Yellow
-46.43061257349963 -14.305995994734921 0.0 0.23 0.23 0.33 0.0 Cone_Yellow
-33.4243635883222 -14.438818920964945 0.0 0.23 0.23 0.33 0.0 Cone_Yellow
12.670202316065323 -9.027818445129473 0.0 0.23 0.23 0.33 0.0 Cone_Yellow
-20.053090072150717 -5.514874348875992 0.0 0.23 0.23 0.33 0.0 Cone_Yellow
-10.39891246808449 -18.520942021835996 0.0 0.23 0.23 0.33 0.0 Cone_Yellow
4.391976638652693 -15.524659220686505 0.0 0.23 0.23 0.33 0.0 Cone_Yellow
-50.976592693378734 -6.5519572660897305 0.0 0.23 0.23 0.33 0.0 Cone_Blue
-24.147769940346397 -14.958252277887683 0.0 0.23 0.23 0.33 0.0 Cone_Blue
16.762407458167424 -11.383775543004148 0.0 0.23 0.23 0.33 0.0 Cone_Blue
-21.632524931291563 -9.997821920745222 0.0 0.23 0.23 0.33 0.0 Cone_Blue
17.120748908381664 -14.727614885980888 0.0 0.23 0.23 0.33 0.0 Cone_Blue
9.10438674973666 -24.50652595561033 0.0 0.23 0.23 0.33 0.0 Cone_Blue
-47.00163921977244 -18.946154686439183 0.0 0.23 0.23 0.33 0.0 Cone_Blue
-48.99710436403709 -16.12273477709208 0.0 0.23 0.23 0.33 0.0 Cone_Blue
14.11730208606095 -5.091451222676888 0.0 0.23 0.23 0.33 0.0 Cone_Blue
-13.131529958786901 -29.212233012425518 0.0 0.23 0.23 0.33 0.0 Cone_Blue
-49.20155135325403 -4.214805295757298 0.0 0.23 0.23 0.33 0.0 Cone_Blue
-7.382211744418234 -19.32071303017966 0.0 0.23 0.23 0.33 0.0 Cone_Blue
-16.803824450137604 0.7909894661828142 0.0 0.23 0.23 0.33 0.0 Cone_Blue
17.70275381616368 -18.419204836523313 0.0 0.23 0.23 0.33 0.0 Cone_Blue
-32.80708298725894 -29.68037863778947 0.0 0.23 0.23 0.33 0.0 Cone_Blue
-18.90931500331392 0.8016700800030773 0.0 0.23 0.23 0.33 0.0 Cone_Blue
-10.709822464738656 -25.072651150231117 0.0 0.23 0.23 0.33 0.0 Cone_Blue
-10.08714513323868 1.1645083065407063 0.0 0.23 0.23 0.33 0.0 Cone_Blue
6.6331852191032095 -23.340347507139075 0.0 0.23 0.23 0.33 0.0 Cone_Blue
-41.738461255422045 -0.9982620584978076 0.0 0.23 0.23 0.33 0.0 Cone_Blue
-11.562328415746979 -26.705191053070422 0.0 0.23 0.23 0.33 0.0 Cone_Blue
-39.63584244259438 -1.690941565157201 0.0 0.23 0.23 0.33 0.0 Cone_Blue
11.45295833894926 -2.3995132903995904 0.0 0.23 0.23 0.33 0.0 Cone_Blue
-37.053454642425905 -3.626804886122849 0.0 0.23 0.23 0.33 0.0 Cone_Blue
-23.936035565236082 -3.8981128335640656 0.0 0.23 0.23 0.33 0.0 Cone_Blue
-46.583901412541586 -2.4542275774977957 0.0 0.23 0.23 0.33 0.0 Cone_Blue
-31.00780095486339 -12.570617014755271 0.0 0.23 0.23 0.33 0.0 Cone_Blue
-21.587141856129833 -11.91916406180701 0.0 0.23 0.23 0.33 0.0 Cone_Blue
-29.92608353382765 -31.058369176144836 0.0 0.23 0.23 0.33 0.0 Cone_Blue
-2.90927854596063 -15.052644241431684 0.0 0.23 0.23 0.33 0.0 Cone_Blue
-23.284314670102546 -2.077001676699154 0.0 0.23 0.23 0.33 0.0 Cone_Blue
7.56590098245214 0.44972774354639633 0.0 0.23 0.23 0.33 0.0 Cone_Blue
-44.706948928260275 -21.3240656661345 0.0 0.23 0.23 0.33 0.0 Cone_Blue
-23.598936338940774 -5.820774164301609 0.0 0.23 0.23 0.33 0.0 Cone_Blue
-4.139624991827391 -16.030831274527703 0.0 0.23 0.23 0.33 0.0 Cone_Blue
9.733902235879205 -0.865415737458891 0.0 0.23 0.23 0.33 0.0 Cone_Blue
-23.46247524471378 -33.24951491410509 0.0 0.23 0.23 0.33 0.0 Cone_Blue
-2.714883110392032 1.3998357413607132 0.0 0.23 0.23 0.33 0.0 Cone_Blue
5.336879083457413 1.5068996584202234 0.0 0.23 0.23 0.33 0.0 Cone_Blue
17.184348856174026 -21.401478925675782 0.0 0.23 0.23 0.33 0.0 Cone_Blue
-15.310978286189627 -31.51150564879863 0.0 0.23 0.23 0.33 0.0 Cone_Blue
-43.74864264258835 -1.091673672305728 0.0 0.23 0.23 0.33 0.0 Cone_Blue
-4.934774389314882 1.222878238118001 0.0 0.23 0.23 0.33 0.0 Cone_Blue
-20.506070821691168 -33.27904339443858 0.0 0.23 0.23 0.33 0.0 Cone_Blue
-32.22534976602835 -10.522606127151693 0.0 0.23 0.23 0.33 0.0 Cone_Blue
0.5635806536620329 1.5326974900912913 0.0 0.23 0.23 0.33 0.0 Cone_Blue
1.2649726807954007 -17.18298004123355 0.0 0.23 0.23 0.33 0.0 Cone_Blue
-33.306092982240465 -8.238392128345772 0.0 0.23 0.23 0.33 0.0 Cone_Blue
-22.3969367370024 -7.928337144716522 0.0 0.23 0.23 0.33 0.0 Cone_Blue
-27.087964060996143 -15.71290763174714 0.0 0.23 0.23 0.33 0.0 Cone_Blue
-25.22759456375963 -15.682218762148851 0.0 0.23 0.23 0.33 0.0 Cone_Blue
-9.014251720319479 -22.083050855451436 0.0 0.23 0.23 0.33 0.0 Cone_Blue
-22.49159951564542 -13.208183590873134 0.0 0.23 0.23 0.33 0.0 Cone_Blue
-26.789646000932883 -32.39512413387733 0.0 0.23 0.23 0.33 0.0 Cone_Blue
2.8941917834389628 1.6375094489165853 0.0 0.23 0.23 0.33 0.0 Cone_Blue
16.03428547662171 -8.42755826054469 0.0 0.23 0.23 0.33 0.0 Cone_Blue
-51.46568139523673 -9.868613562786088 0.0 0.23 0.23 0.33 0.0 Cone_Blue
-6.8759615933076415 1.3572811061897818 0.0 0.23 0.23 0.33 0.0 Cone_Blue
4.849736908341432 -21.52044083415824 0.0 0.23 0.23 0.33 0.0 Cone_Blue
-13.856161571593248 0.9584671293325119 0.0 0.23 0.23 0.33 0.0 Cone_Blue
-1.7651751721046054 -14.876578632405188 0.0 0.23 0.23 0.33 0.0 Cone_Blue
-6.242714933062312 -17.89523329891474 0.0 0.23 0.23 0.33 0.0 Cone_Blue
-18.13340323196777 -32.823771540260694 0.0 0.23 0.23 0.33 0.0 Cone_Blue
-35.224484712330614 -5.7355738306813375 0.0 0.23 0.23 0.33 0.0 Cone_Blue
-28.920335959260875 -14.561142943574257 0.0 0.23 0.23 0.33 0.0 Cone_Blue
-42.19304962275858 -23.61972907650518 0.0 0.23 0.23 0.33 0.0 Cone_Blue
15.075485492892172 -24.495527777037235 0.0 0.23 0.23 0.33 0.0 Cone_Blue
-0.49658272170931816 -15.31023211966469 0.0 0.23 0.23 0.33 0.0 Cone_Blue
12.06441481819814 -25.01468824257257 0.0 0.23 0.23 0.33 0.0 Cone_Blue
-36.701623684320154 -27.489925315829574 0.0 0.23 0.23 0.33 0.0 Cone_Blue
2.9456799087982244 -19.36655476881625 0.0 0.23 0.23 0.33 0.0 Cone_Blue
-21.525282609215154 -0.20827558481372466 0.0 0.23 0.23 0.33 0.0 Cone_Blue
-39.77874797396215 -25.653937799659705 0.0 0.23 0.23 0.33 0.0 Cone_Blue
-50.55372325628597 -13.19004693912811 0.0 0.23 0.23 0.33 0.0 Cone_Blue
