24.629207819446975 17.513215856147543 0.0 0.23 0.23 0.33 0.0 Cone_Yellow
24.556812635572538 20.007409957697625 0.0 0.23 0.23 0.33 0.0 Cone_Yellow
-3.551707444411596 -11.637080211354828 0.0 0.23 0.23 0.33 0.0 Cone_Yellow
8.525523930660516 15.735320322499128 0.0 0.23 0.23 0.33 0.0 Cone_Yellow
20.12502398243449 31.164062854780955 0.0 0.23 0.23 0.33 0.0 Cone_Yellow
-6.461727959069272 -3.9551580465926044 0.0 0.23 0.23 0.33 0.0 Cone_Yellow
11.651951474987094 12.562123743618606 0.0 0.23 0.23 0.33 0.0 Cone_Yellow
13.812923696627013 -2.195816380428397 0.0 0.23 0.23 0.33 0.0 Cone_Yellow
17.122987060752678 0.6677276878646623 0.0 0.23 0.23 0.33 0.0 Cone_Yellow
42.91066043427756 27.664227223180017 0.0 0.23 0.23 0.33 0.0 Cone_Yellow
27.066324937528115 9.05168393308142 0.0 0.23 0.23 0.33 0.0 Cone_Yellow
-2.950976512175197 -1.6571055002078516 0.0 0.23 0.23 0.33 0.0 Cone_Yellow
10.911268655769165 -2.7798193787076926 0.0 0.23 0.23 0.33 0.0 Cone_Yellow
21.599823421275072 32.652860110498274 0.0 0.23 0.23 0.33 0.0 Cone_Yellow
42.92430038307567 29.442842165424636 0.0 0.23 0.23 0.33 0.0 Cone_Yellow
29.765497792147453 24.86449345439997 0.0 0.23 0.23 0.33 0.0 Cone_Yellow
15.641949433361596 10.616274757983781 0.0 0.23 0.23 0.33 0.0 Cone_Yellow
9.40399683063571 17.41944259603664 0.0 0.23 0.23 0.33 0.0 Cone_Yellow
23.04038651555442 33.749984666900374 0.0 0.23 0.23 0.33 0.0 Cone_Yellow
-6.985536098659001 -6.04211404819954 0.0 0.23 0.23 0.33 0.0 Cone_Yellow
-5.012554622519378 -2.115220300785495 0.0 0.23 0.23 0.33 0.0 Cone_Yellow
13.706206297285009 22.876857417975824 0.0 0.23 0.23 0.33 0.0 Cone_Yellow
-6.838299102863836 -9.002509953118661 0.0 0.23 0.23 0.33 0.0 Cone_Yellow
29.383380219224694 -0.8242382176284977 0.0 0.23 0.23 0.33 0.0 Cone_Yellow
28.82375152215474 36.025594594350785 0.0 0.23 0.23 0.33 0.0 Cone_Yellow
18.384298773486304 28.9803478431446 0.0 0.23 0.23 0.33 0.0 Cone_Yellow
-0.04038319233896992 -1.515716358333897 0.0 0.23 0.23 0.33 0.0 Cone_Yellow
16.706238501850805 8.774534931922858 0.0 0.23 0.23 0.33 0.0 Cone_Yellow
13.856158938041913 11.81318756332584 0.0 0.23 0.23 0.33 0.0 Cone_Yellow
40.31334238567911 25.638209564459398 0.0 0.23 0.23 0.33 0.0 Cone_Yellow
28.03110321368711 6.180206242708273 0.0 0.23 0.23 0.33 0.0 Cone_Yellow
5.279341777645881 -12.743854402998792 0.0 0.23 0.23 0.33 0.0 Cone_Yellow
-5.592931712929619 -10.578578384723649 0.0 0.23 0.23 0.33 0.0 Cone_Yellow
24.11984750968633 -6.83527408662459 0.0 0.23 0.23 0.33 0.0 Cone_Yellow
15.784629878939807 25.670699085211695 0.0 0.23 0.23 0.33 0.0 Cone_Yellow
25.17857695652997 22.07957119728652 0.0 0.23 0.23 0.33 0.0 Cone_Yellow
30.901730492894206 36.05360639689515 0.0 0.23 0.23 0.33 0.0 Cone_Yellow
21.353142631794 -8.034062849787247 0.0 0.23 0.23 0.33 0.0 Cone_Yellow
2.385269778225812 -13.065963183895363 0.0 0.23 0.23 0.33 0.0 Cone_Yellow
3.0526234529134637 -1.9534221782037484 0.0 0.23 0.23 0.33 0.0 Cone_Yellow
17.53099822070154 3.076011982314064 0.0 0.23 0.23 0.33 0.0 Cone_Yellow
17.31278941941601 5.960356018070449 0.0 0.23 0.23 0.33 0.0 Cone_Yellow
18.74293026223362 -8.918854852407883 0.0 0.23 0.23 0.33 0.0 Cone_Yellow
41.07566064043141 31.36346240858096 0.0 0.23 0.23 0.33 0.0 Cone_Yellow
16.902185483266535 27.111438623235998 0.0 0.23 0.23 0.33 0.0 Cone_Yellow
24.919528908507555 15.413710698060875 0.0 0.23 0.23 0.33 0.0 Cone_Yellow
29.150546967639173 3.935926957725705 0.0 0.23 0.23 0.33 0.0 Cone_Yellow
8.14762075048167 -12.12918121657966 0.0 0.23 0.23 0.33 0.0 Cone_Yellow
15.8787739950302 -1.0968942205075365 0.0 0.23 0.23 0.33 0.0 Cone_Yellow
37.02673034807668 25.088758582438462 0.0 0.23 0.23 0.33 0.0 Cone_Yellow
8.77691406788042 14.264827609731896 0.0 0.23 0.23 0.33 0.0 Cone_Yellow
28.25043686531175 -2.8938391862460193 0.0 0.23 0.23 0.33 0.0 Cone_Yellow
26.828124335081966 35.68042978441256 0.0 0.23 0.23 0.33 0.0 Cone_Yellow
11.02418142408434 19.70390342028311 0.0 0.23 0.23 0.33 0.0 Cone_Yellow
42.12229802008539 26.22804646727213 0.0 0.23 0.23 0.33 0.0 Cone_Yellow
5.197551206322625 -2.403959846674052 0.0 0.23 0.23 0.33 0.0 Cone_Yellow
38.79505726583693 33.16527364323798 0.0 0.23 0.23 0.33 0.0 Cone_Yellow
26.895568207091536 23.9477468102651 0.0 0.23 0.23 0.33 0.0 Cone_Yellow
26.48674053049828 -5.206327065561204 0.0 0.23 0.23 0.33 0.0 Cone_Yellow
35.93879419815407 34.41365574190028 0.0 0.23 0.23 0.33 0.0 Cone_Yellow
24.83487771639055 34.878062039542534 0.0 0.23 0.23 0.33 0.0 Cone_Yellow
11.364432520607371 -10.991988608623913 0.0 0.23 0.23 0.33 0.0 Cone_Yellow
14.883504464568436 -9.915261354270676 0.0 0.23 0.23 0.33 0.0 Cone_Yellow
29.51630418332825 1.471467273299723 0.0 0.23 0.23 0.33 0.0 Cone_Yellow
-0.8023344612109238 -12.598367526222276 0.0 0.23 0.23 0.33 0.0 Cone_Yellow
7.7850749096536145 -2.82920405684839 0.0 0.23 0.23 0.33 0.0 Cone_Yellow
33.76209341307408 35.63093689110404 0.0 0.23 0.23 0.33 0.0 Cone_Yellow
9.747660606011845 13.126233873664043 0.0 0.23 0.23 0.33 0.0 Cone_Yellow
25.902841322023335 11.955303663327111 0.0 0.23 0.23 0.33 0.0 Cone_Yellow
33.28358994053982 25.118611037331867 0.0 0.23 0.23 0.33 0.0 Cone_Yellow
-9.644479819429016 -10.983586637120666 0.0 0.23 0.23 0.33 0.0 Cone_Blue
14.231796414776394 3.8614448322606947 0.0 0.23 0.23 0.33 0.0 Cone_Blue
38.21760383360842 37.19461961614226 0.0 0.23 0.23 0.33 0.0 Cone_Blue
12.114130449893185 9.004189006805152 0.0 0.23 0.23 0.33 0.0 Cone_Blue
40.98531014253268 35.28426050484366 0.0 0.23 0.23 0.33 0.0 Cone_Blue
43.164752634835295 22.82877198014007 0.0 0.23 0.23 0.33 0.0 Cone_Blue
2.341266758059735 -16.05884660998398 0.0 0.23 0.23 0.33 0.0 Cone_Blue
-1.100323928601176 -15.728642624602806 0.0 0.23 0.23 0.33 0.0 Cone_Blue
31.723458921008902 39.296049994690705 0.0 0.23 0.23 0.33 0.0 Cone_Blue
32.22138129719464 2.9083730248113184 0.0 0.23 0.23 0.33 0.0 Cone_Blue
-10.257279815401507 -8.113477361062241 0.0 0.23 0.23 0.33 0.0 Cone_Blue
28.47732853544879 13.719427386274116 0.0 0.23 0.23 0.33 0.0 Cone_Blue
7.089415240352719 19.703115894227896 0.0 0.23 0.23 0.33 0.0 Cone_Blue
44.16247728751705 33.316476215735705 0.0 0.23 0.23 0.33 0.0 Cone_Blue
19.73755777882699 -12.306773956569216 0.0 0.23 0.23 0.33 0.0 Cone_Blue
5.707459705386873 18.11459348506788 0.0 0.23 0.23 0.33 0.0 Cone_Blue
30.66470065060415 7.444621534876539 0.0 0.23 0.23 0.33 0.0 Cone_Blue
11.18909850502687 25.036585168491207 0.0 0.23 0.23 0.33 0.0 Cone_Blue
40.66855625280523 21.71710080527584 0.0 0.23 0.23 0.33 0.0 Cone_Blue
-7.824930696126916 -0.3592822405173841 0.0 0.23 0.23 0.33 0.0 Cone_Blue
31.345529283278307 5.733357293504625 0.0 0.23 0.23 0.33 0.0 Cone_Blue
-5.928046149330687 0.7820502207437414 0.0 0.23 0.23 0.33 0.0 Cone_Blue
27.945049574120954 39.033599539639965 0.0 0.23 0.23 0.33 0.0 Cone_Blue
-2.7760499185231406 1.4757456214018028 0.0 0.23 0.23 0.33 0.0 Cone_Blue
5.988840211999537 11.238787782984145 0.0 0.23 0.23 0.33 0.0 Cone_Blue
-9.883351394802634 -4.981081688352276 0.0 0.23 0.23 0.33 0.0 Cone_Blue
7.9462359508907605 0.2210386290017361 0.0 0.23 0.23 0.33 0.0 Cone_Blue
13.599691825810229 7.7848766412012935 0.0 0.23 0.23 0.33 0.0 Cone_Blue
22.661659297354575 -11.022777818018582 0.0 0.23 0.23 0.33 0.0 Cone_Blue
28.161736933648317 19.893886433366568 0.0 0.23 0.23 0.33 0.0 Cone_Blue
5.034101623542042 12.920947168572118 0.0 0.23 0.23 0.33 0.0 Cone_Blue
23.249601883538986 37.9472476872328 0.0 0.23 0.23 0.33 0.0 Cone_Blue
5.6405097542377565 -15.871603950619075 0.0 0.23 0.23 0.33 0.0 Cone_Blue
7.665750105088002 10.239670326653616 0.0 0.23 0.23 0.33 0.0 Cone_Blue
28.100166011561818 18.32327786655955 0.0 0.23 0.23 0.33 0.0 Cone_Blue
25.66083807585269 38.731958994255024 0.0 0.23 0.23 0.33 0.0 Cone_Blue
28.539653210336525 -7.554559353297805 0.0 0.23 0.23 0.33 0.0 Cone_Blue
15.821276874199302 30.776667911035688 0.0 0.23 0.23 0.33 0.0 Cone_Blue
20.994033706194145 36.94796630486579 0.0 0.23 0.23 0.33 0.0 Cone_Blue
46.08410858862591 30.977665494884043 0.0 0.23 0.23 0.33 0.0 Cone_Blue
32.54159600524525 -0.24346964400017512 0.0 0.23 0.23 0.33 0.0 Cone_Blue
-9.065817004570501 -1.9435032189232686 0.0 0.23 0.23 0.33 0.0 Cone_Blue
14.506861057659096 28.979018804724735 0.0 0.23 0.23 0.33 0.0 Cone_Blue
30.491124412634957 -5.333532746023955 0.0 0.23 0.23 0.33 0.0 Cone_Blue
5.599833425360007 0.6347642524466792 0.0 0.23 0.23 0.33 0.0 Cone_Blue
17.859840767988295 33.34770547346669 0.0 0.23 0.23 0.33 0.0 Cone_Blue
32.49981301109436 21.666962819279505 0.0 0.23 0.23 0.33 0.0 Cone_Blue
3.163709251284061 1.3062837981132347 0.0 0.23 0.23 0.33 0.0 Cone_Blue
10.047133741945352 9.77530330200236 0.0 0.23 0.23 0.33 0.0 Cone_Blue
12.885138890366752 1.1410111017384814 0.0 0.23 0.23 0.33 0.0 Cone_Blue
14.075800680079606 2.5707806550172805 0.0 0.23 0.23 0.33 0.0 Cone_Blue
29.505634849469242 10.680241497189245 0.0 0.23 0.23 0.33 0.0 Cone_Blue
13.986309511289136 6.258396451534487 0.0 0.23 0.23 0.33 0.0 Cone_Blue
25.721190371308325 -9.5183098647923 0.0 0.23 0.23 0.33 0.0 Cone_Blue
19.301173046499 35.18217952557973 0.0 0.23 0.23 0.33 0.0 Cone_Blue
35.50234152088821 38.57183884859704 0.0 0.23 0.23 0.33 0.0 Cone_Blue
-7.450332208218818 -13.518371245114274 0.0 0.23 0.23 0.33 0.0 Cone_Blue
13.138361914419962 27.59573214360026 0.0 0.23 0.23 0.33 0.0 Cone_Blue
38.12574845048112 21.553159791619155 0.0 0.23 0.23 0.33 0.0 Cone_Blue
8.88589579968253 22.0460676250906 0.0 0.23 0.23 0.33 0.0 Cone_Blue
28.774861962283335 20.875746570051987 0.0 0.23 0.23 0.33 0.0 Cone_Blue
28.140670821604857 15.51305695534539 0.0 0.23 0.23 0.33 0.0 Cone_Blue
31.694328780154812 -3.238509308801465 0.0 0.23 0.23 0.33 0.0 Cone_Blue
0.015354472256719376 1.4856951873222073 0.0 0.23 0.23 0.33 0.0 Cone_Blue
10.816710184049182 0.5040249501200194 0.0 0.23 0.23 0.33 0.0 Cone_Blue
9.020464405254103 -15.464582121978907 0.0 0.23 0.23 0.33 0.0 Cone_Blue
47.05264386060303 27.3607078774188 0.0 0.23 0.23 0.33 0.0 Cone_Blue
29.931248771040412 21.554091394418535 0.0 0.23 0.23 0.33 0.0 Cone_Blue
45.48128585740152 24.740229252672584 0.0 0.23 0.23 0.33 0.0 Cone_Blue
15.536441074715622 -13.828664700081262 0.0 0.23 0.23 0.33 0.0 Cone_Blue
35.25115999500004 21.51575054678851 0.0 0.23 0.23 0.33 0.0 Cone_Blue
4.765817560059398 15.473270553060138 0.0 0.23 0.23 0.33 0.0 Cone_Blue
12.13730592611451 -14.962430238003847 0.0 0.23 0.23 0.33 0.0 Cone_Blue
-4.338361991085041 -14.994592328946112 0.0 0.23 0.23 0.33 0.0 Cone_Blue
