-11.632421123380446 -0.9228554844392072 0.0 0.23 0.23 0.33 0.0 Cone_Yellow
-14.00734964848338 -0.15737538704422782 0.0 0.23 0.23 0.33 0.0 Cone_Yellow
6.42139513885591 -37.226622014941675 0.0 0.23 0.23 0.33 0.0 Cone_Yellow
-15.339618232897624 -16.69454648159341 0.0 0.23 0.23 0.33 0.0 Cone_Yellow
-26.003651969573408 -0.6050193896746627 0.0 0.23 0.23 0.33 0.0 Cone_Yellow
-1.7913733931186258 -37.40149505861171 0.0 0.23 0.23 0.33 0.0 Cone_Yellow
-11.303899911802628 -14.808624067780709 0.0 0.23 0.23 0.33 0.0 Cone_Yellow
3.327501134013499 -17.70494951291748 0.0 0.23 0.23 0.33 0.0 Cone_Yellow
1.73509049982081 -13.628108520470832 0.0 0.23 0.23 0.33 0.0 Cone_Yellow
-15.088781020730648 19.700144242610875 0.0 0.23 0.23 0.33 0.0 Cone_Yellow
-2.8429585235537225 -1.4542776692964328 0.0 0.23 0.23 0.33 0.0 Cone_Yellow
-2.783737068497782 -33.32453104557428 0.0 0.23 0.23 0.33 0.0 Cone_Yellow
2.908003304326403 -20.634912490332514 0.0 0.23 0.23 0.33 0.0 Cone_Yellow
-26.913847016412518 1.2825969988284314 0.0 0.23 0.23 0.33 0.0 Cone_Yellow
-16.760531873710846 20.307520770424574 0.0 0.23 0.23 0.33 0.0 Cone_Yellow
-16.843997884424557 6.375241848015081 0.0 0.23 0.23 0.33 0.0 Cone_Yellow
-8.136275255708362 -11.698549145719753 0.0 0.23 0.23 0.33 0.0 Cone_Yellow
-16.633231875826368 -15.303666827904927 0.0 0.23 0.23 0.33 0.0 Cone_Yellow
-27.46634199195956 3.007025490490369 0.0 0.23 0.23 0.33 0.0 Cone_Yellow
0.0004537443172161204 -38.59276153983752 0.0 0.23 0.23 0.33 0.0 Cone_Yellow
-3.0410773542438356 -35.42065829669495 0.0 0.23 0.23 0.33 0.0 Cone_Yellow
-20.338679995993775 -9.424718192103096 0.0 0.23 0.23 0.33 0.0 Cone_Yellow
2.839785123430186 -39.443537636338334 0.0 0.23 0.23 0.33 0.0 Cone_Yellow
7.239407527972695 -2.571630929616747 0.0 0.23 0.23 0.33 0.0 Cone_Yellow
-27.677908451741633 9.21838210354804 0.0 0.23 0.23 0.33 0.0 Cone_Yellow
-24.52739893383371 -2.97554938939688 0.0 0.23 0.23 0.33 0.0 Cone_Yellow
-1.9440965316374843 -30.534092346771516 0.0 0.23 0.23 0.33 0.0 Cone_Yellow
-6.044721074760979 -11.311098611630479 0.0 0.23 0.23 0.33 0.0 Cone_Yellow
-9.861262050453497 -12.981541162343714 0.0 0.23 0.23 0.33 0.0 Cone_Yellow
-14.04748004063523 16.575004106892905 0.0 0.23 0.23 0.33 0.0 Cone_Yellow
0.18584110994156333 -1.50481506730892 0.0 0.23 0.23 0.33 0.0 Cone_Yellow
10.416381404245847 -29.273480232410897 0.0 0.23 0.23 0.33 0.0 Cone_Yellow
4.741476531065693 -38.79662077372101 0.0 0.23 0.23 0.33 0.0 Cone_Yellow
11.14530015294135 -9.541661891165864 0.0 0.23 0.23 0.33 0.0 Cone_Yellow
-22.27708628699677 -6.531972628220562 0.0 0.23 0.23 0.33 0.0 Cone_Yellow
-15.752490103811867 1.1212675908218035 0.0 0.23 0.23 0.33 0.0 Cone_Yellow
-27.00972225269171 11.18620030331052 0.0 0.23 0.23 0.33 0.0 Cone_Yellow
11.350334546351231 -12.54993569478769 0.0 0.23 0.23 0.33 0.0 Cone_Yellow
9.752588057486395 -32.108755386140395 0.0 0.23 0.23 0.33 0.0 Cone_Yellow
-0.4976965911041056 -27.765301328231345 0.0 0.23 0.23 0.33 0.0 Cone_Yellow
-0.39828871695777224 -12.438571019190753 0.0 0.23 0.23 0.33 0.0 Cone_Yellow
-3.1896657695678776 -11.680105629259469 0.0 0.23 0.23 0.33 0.0 Cone_Yellow
11.31174237241179 -15.305761550355863 0.0 0.23 0.23 0.33 0.0 Cone_Yellow
-19.188606954617313 19.207201535844554 0.0 0.23 0.23 0.33 0.0 Cone_Yellow
-23.26140045236904 -4.997115446253441 0.0 0.23 0.23 0.33 0.0 Cone_Yellow
-9.556635213512637 -1.3510156180108819 0.0 0.23 0.23 0.33 0.0 Cone_Yellow
2.6752169842601248 -1.1999354457780207 0.0 0.23 0.23 0.33 0.0 Cone_Yellow
10.795816866259848 -26.364721713337715 0.0 0.23 0.23 0.33 0.0 Cone_Yellow
2.9823209131721917 -15.39059906751868 0.0 0.23 0.23 0.33 0.0 Cone_Yellow
-14.628218485941437 13.293775994508712 0.0 0.23 0.23 0.33 0.0 Cone_Yellow
-13.869677464829467 -16.94914412055373 0.0 0.23 0.23 0.33 0.0 Cone_Yellow
8.811267897556938 -4.3311944524850094 0.0 0.23 0.23 0.33 0.0 Cone_Yellow
-28.019657112988828 7.222167067952066 0.0 0.23 0.23 0.33 0.0 Cone_Yellow
-18.244727884581003 -13.0130686553454 0.0 0.23 0.23 0.33 0.0 Cone_Yellow
-13.998727061147486 18.477069091629488 0.0 0.23 0.23 0.33 0.0 Cone_Yellow
0.6438915699146399 -25.894345495327386 0.0 0.23 0.23 0.33 0.0 Cone_Yellow
-21.649095326592818 17.660051753528293 0.0 0.23 0.23 0.33 0.0 Cone_Yellow
-16.93928669499141 3.363956362496891 0.0 0.23 0.23 0.33 0.0 Cone_Yellow
10.401208522830473 -6.766418007216471 0.0 0.23 0.23 0.33 0.0 Cone_Yellow
-23.780407884123463 15.38536422373837 0.0 0.23 0.23 0.33 0.0 Cone_Yellow
-27.929705128142054 5.0753706823219105 0.0 0.23 0.23 0.33 0.0 Cone_Yellow
10.799288717935923 -22.95282005322874 0.0 0.23 0.23 0.33 0.0 Cone_Yellow
10.960781703130852 -19.276255224101718 0.0 0.23 0.23 0.33 0.0 Cone_Yellow
5.120180805572783 -1.678988458984124 0.0 0.23 0.23 0.33 0.0 Cone_Yellow
8.246397261956101 -34.956711806770734 0.0 0.23 0.23 0.33 0.0 Cone_Yellow
1.9095835842110596 -23.597796937483942 0.0 0.23 0.23 0.33 0.0 Cone_Yellow
-25.65525740993062 13.740755163944725 0.0 0.23 0.23 0.33 0.0 Cone_Yellow
-12.472092457137208 -16.414821480774236 0.0 0.23 0.23 0.33 0.0 Cone_Yellow
-5.968470800445651 -1.5802723851299145 0.0 0.23 0.23 0.33 0.0 Cone_Yellow
-15.907538715333605 9.775917124362506 0.0 0.23 0.23 0.33 0.0 Cone_Yellow
3.7689155156574117 -42.75050479011508 0.0 0.23 0.23 0.33 0.0 Cone_Blue
-2.2413375981937627 -15.285465492010175 0.0 0.23 0.23 0.33 0.0 Cone_Blue
-25.639695914641322 18.46266522364909 0.0 0.23 0.23 0.33 0.0 Cone_Blue
-7.796127013080145 -15.56230721556706 0.0 0.23 0.23 0.33 0.0 Cone_Blue
-22.91408388475798 20.43261679897676 0.0 0.23 0.23 0.33 0.0 Cone_Blue
-10.446525013767793 18.32331839318615 0.0 0.23 0.23 0.33 0.0 Cone_Blue
12.558614267864744 -33.150630798370365 0.0 0.23 0.23 0.33 0.0 Cone_Blue
11.097014766967146 -36.283889170328955 0.0 0.23 0.23 0.33 0.0 Cone_Blue
-29.790991026403496 13.044485023915245 0.0 0.23 0.23 0.33 0.0 Cone_Blue
4.670126018379488 1.3507955298862395 0.0 0.23 0.23 0.33 0.0 Cone_Blue
0.859058105246099 -42.36869208386393 0.0 0.23 0.23 0.33 0.0 Cone_Blue
-6.770573267640097 1.4358092706075638 0.0 0.23 0.23 0.33 0.0 Cone_Blue
-19.559223498100614 -16.72177285261874 0.0 0.23 0.23 0.33 0.0 Cone_Blue
-19.997483055905846 22.769282303658002 0.0 0.23 0.23 0.33 0.0 Cone_Blue
14.837255470118247 -15.50079270429361 0.0 0.23 0.23 0.33 0.0 Cone_Blue
-18.52400535297342 -18.5552198622227 0.0 0.23 0.23 0.33 0.0 Cone_Blue
-0.1255376078675674 1.3999439218157352 0.0 0.23 0.23 0.33 0.0 Cone_Blue
-23.215551896328357 -11.075131371660927 0.0 0.23 0.23 0.33 0.0 Cone_Blue
-10.233176891899504 15.599113599566698 0.0 0.23 0.23 0.33 0.0 Cone_Blue
-5.636081881273807 -37.48432715472239 0.0 0.23 0.23 0.33 0.0 Cone_Blue
1.7148700926791882 1.4696032832494694 0.0 0.23 0.23 0.33 0.0 Cone_Blue
-6.077711606676555 -35.31504756079186 0.0 0.23 0.23 0.33 0.0 Cone_Blue
-30.806610443261768 9.395680475284694 0.0 0.23 0.23 0.33 0.0 Cone_Blue
-5.677917512317032 -32.11247699481921 0.0 0.23 0.23 0.33 0.0 Cone_Blue
-11.949637126570805 -20.58833605810932 0.0 0.23 0.23 0.33 0.0 Cone_Blue
-1.9681745896097134 -40.96923490221025 0.0 0.23 0.23 0.33 0.0 Cone_Blue
-0.9113412917394648 -22.42632940996201 0.0 0.23 0.23 0.33 0.0 Cone_Blue
-6.150383872901049 -14.569762625594159 0.0 0.23 0.23 0.33 0.0 Cone_Blue
14.604526291848803 -12.315694133754493 0.0 0.23 0.23 0.33 0.0 Cone_Blue
-12.695371274377617 3.202249522274146 0.0 0.23 0.23 0.33 0.0 Cone_Blue
-13.854171407447225 -20.92587886099223 0.0 0.23 0.23 0.33 0.0 Cone_Blue
-31.352248654288488 4.60718715223541 0.0 0.23 0.23 0.33 0.0 Cone_Blue
13.484949079091589 -29.978570272651304 0.0 0.23 0.23 0.33 0.0 Cone_Blue
-10.447463129576168 -19.341846682368185 0.0 0.23 0.23 0.33 0.0 Cone_Blue
-11.235683846042406 2.6192273441931615 0.0 0.23 0.23 0.33 0.0 Cone_Blue
-31.285842285632697 7.142028765570254 0.0 0.23 0.23 0.33 0.0 Cone_Blue
13.300580100344941 -5.6165094005391545 0.0 0.23 0.23 0.33 0.0 Cone_Blue
-27.077113411428286 -4.790708645571834 0.0 0.23 0.23 0.33 0.0 Cone_Blue
-31.16439317532361 2.1473372781945343 0.0 0.23 0.23 0.33 0.0 Cone_Blue
-17.150873333107178 23.798610012135804 0.0 0.23 0.23 0.33 0.0 Cone_Blue
7.747711923854009 0.5990544423984989 0.0 0.23 0.23 0.33 0.0 Cone_Blue
-4.557763847843656 -39.1833813497625 0.0 0.23 0.23 0.33 0.0 Cone_Blue
-25.822221526541995 -6.6304036217671145 0.0 0.23 0.23 0.33 0.0 Cone_Blue
11.859605718902596 -3.034883580315528 0.0 0.23 0.23 0.33 0.0 Cone_Blue
-2.0855799186031945 -24.49947613667799 0.0 0.23 0.23 0.33 0.0 Cone_Blue
-28.818854675348913 -2.0100047300052246 0.0 0.23 0.23 0.33 0.0 Cone_Blue
-12.916412940964264 7.883472066185545 0.0 0.23 0.23 0.33 0.0 Cone_Blue
-3.5327747510393905 -26.571013394054596 0.0 0.23 0.23 0.33 0.0 Cone_Blue
-9.213803150373922 -17.252658367450138 0.0 0.23 0.23 0.33 0.0 Cone_Blue
-0.1275162054347625 -17.463998321628885 0.0 0.23 0.23 0.33 0.0 Cone_Blue
-1.0770548451911317 -15.863906810316205 0.0 0.23 0.23 0.33 0.0 Cone_Blue
-3.5624769746767306 1.3890875525139084 0.0 0.23 0.23 0.33 0.0 Cone_Blue
-4.582474731827428 -14.715625333330042 0.0 0.23 0.23 0.33 0.0 Cone_Blue
14.209275479089793 -8.929260757798788 0.0 0.23 0.23 0.33 0.0 Cone_Blue
-30.066030168767888 -0.03838431177862489 0.0 0.23 0.23 0.33 0.0 Cone_Blue
-27.84530396055137 16.363933371091726 0.0 0.23 0.23 0.33 0.0 Cone_Blue
6.891318335845629 -41.529842110591616 0.0 0.23 0.23 0.33 0.0 Cone_Blue
-24.975936157540705 -8.382565990414923 0.0 0.23 0.23 0.33 0.0 Cone_Blue
-10.928626468298852 13.14776742609279 0.0 0.23 0.23 0.33 0.0 Cone_Blue
-21.166917234708286 -14.245467931476163 0.0 0.23 0.23 0.33 0.0 Cone_Blue
-13.415811822682773 4.108305284966695 0.0 0.23 0.23 0.33 0.0 Cone_Blue
-8.573565870373063 1.7180558327259217 0.0 0.23 0.23 0.33 0.0 Cone_Blue
10.287270662929586 -1.2006026791750415 0.0 0.23 0.23 0.33 0.0 Cone_Blue
-4.7542378987324945 -29.47830664380252 0.0 0.23 0.23 0.33 0.0 Cone_Blue
-0.2185635907034822 -19.626371796333935 0.0 0.23 0.23 0.33 0.0 Cone_Blue
14.231125014973305 -26.656977027741917 0.0 0.23 0.23 0.33 0.0 Cone_Blue
-13.418217483277852 23.502428840657082 0.0 0.23 0.23 0.33 0.0 Cone_Blue
-13.668603982028 5.424921507100473 0.0 0.23 0.23 0.33 0.0 Cone_Blue
-11.473710390242013 21.14553122682007 0.0 0.23 0.23 0.33 0.0 Cone_Blue
14.867339672208683 -19.968972192355363 0.0 0.23 0.23 0.33 0.0 Cone_Blue
-11.8542310327921 10.426019011897763 0.0 0.23 0.23 0.33 0.0 Cone_Blue
-16.34936361756455 -20.325589903661715 0.0 0.23 0.23 0.33 0.0 Cone_Blue
14.799694326641774 -23.551564572275176 0.0 0.23 0.23 0.33 0.0 Cone_Blue
9.322837586391461 -39.09031316940188 0.0 0.23 0.23 0.33 0.0 Cone_Blue
