18.673537095148276 20.74425731399567 0.0 0.23 0.23 0.33 0.0 Cone_Yellow
18.24172014243593 23.201853578276207 0.0 0.23 0.23 0.33 0.0 Cone_Yellow
-5.002469541348802 -12.170032222319211 0.0 0.23 0.23 0.33 0.0 Cone_Yellow
2.9953890042298865 16.65950276105623 0.0 0.23 0.23 0.33 0.0 Cone_Yellow
12.245278703896682 33.601581680791696 0.0 0.23 0.23 0.33 0.0 Cone_Yellow
-8.991316035749463 -4.988858837328344 0.0 0.23 0.23 0.33 0.0 Cone_Yellow
6.5472799531278225 13.97104662318084 0.0 0.23 0.23 0.33 0.0 Cone_Yellow
10.816760262117446 -0.32014421379302505 0.0 0.23 0.23 0.33 0.0 Cone_Yellow
13.678610960042695 2.991383332275113 0.0 0.23 0.23 0.33 0.0 Cone_Yellow
35.29748557333526 33.42884948231165 0.0 0.23 0.23 0.33 0.0 Cone_Yellow
22.307018607088153 12.723354968579521 0.0 0.23 0.23 0.33 0.0 Cone_Yellow
-5.849219533787634 -2.2079146091616693 0.0 0.23 0.23 0.33 0.0 Cone_Yellow
8.029854005108435 -1.3170469135481149 0.0 0.23 0.23 0.33 0.0 Cone_Yellow
13.489626076339823 35.28774604707683 0.0 0.23 0.23 0.33 0.0 Cone_Yellow
35.0541370297879 35.19079120874088 0.0 0.23 0.23 0.33 0.0 Cone_Yellow
22.6944095750844 28.760200272270996 0.0 0.23 0.23 0.33 0.0 Cone_Yellow
10.776451295122204 12.621779509973745 0.0 0.23 0.23 0.33 0.0 Cone_Yellow
3.621453942527326 18.452830718026345 0.0 0.23 0.23 0.33 0.0 Cone_Yellow
14.756656475778472 36.58139912567191 0.0 0.23 0.23 0.33 0.0 Cone_Yellow
-9.208261453746607 -7.1295818472840224 0.0 0.23 0.23 0.33 0.0 Cone_Yellow
-7.823033517053595 -2.9589351381902382 0.0 0.23 0.23 0.33 0.0 Cone_Yellow
7.090476693316539 24.47431425517524 0.0 0.23 0.23 0.33 0.0 Cone_Yellow
-8.635064073941452 -10.037685595532569 0.0 0.23 0.23 0.33 0.0 Cone_Yellow
26.025945440106568 3.28554978326358 0.0 0.23 0.23 0.33 0.0 Cone_Yellow
20.150786543298892 39.66831865104865 0.0 0.23 0.23 0.33 0.0 Cone_Yellow
10.838144326611678 31.189381782487985 0.0 0.23 0.23 0.33 0.0 Cone_Yellow
-2.9895518797350906 -1.6476956597492958 0.0 0.23 0.23 0.33 0.0 Cone_Yellow
12.095546028543634 10.953035703254333 0.0 0.23 0.23 0.33 0.0 Cone_Yellow
8.836535629538982 13.548264894203157 0.0 0.23 0.23 0.33 0.0 Cone_Yellow
33.01996421825164 31.048995479192747 0.0 0.23 0.23 0.33 0.0 Cone_Yellow
23.676347569352224 10.021296597344021 0.0 0.23 0.23 0.33 0.0 Cone_Yellow
3.895841782511308 -11.989934867108044 0.0 0.23 0.23 0.33 0.0 Cone_Yellow
-7.175153999281628 -11.417393612078133 0.0 0.23 0.23 0.33 0.0 Cone_Yellow
21.685622847977882 -3.4225742912445156 0.0 0.23 0.23 0.33 0.0 Cone_Yellow
8.743662857992815 27.539011850580863 0.0 0.23 0.23 0.33 0.0 Cone_Yellow
18.55773146953407 25.342082518089867 0.0 0.23 0.23 0.33 0.0 Cone_Yellow
22.202939621320006 39.996112806404845 0.0 0.23 0.23 0.33 0.0 Cone_Yellow
19.12103198461369 -5.008330919352122 0.0 0.23 0.23 0.33 0.0 Cone_Yellow
1.0786195672423489 -12.726593400183578 0.0 0.23 0.23 0.33 0.0 Cone_Yellow
0.13424281188396492 -1.6341598946702192 0.0 0.23 0.23 0.33 0.0 Cone_Yellow
13.734570900012438 5.4333446003244354 0.0 0.23 0.23 0.33 0.0 Cone_Yellow
13.102128088894121 8.255944764752023 0.0 0.23 0.23 0.33 0.0 Cone_Yellow
16.665949800435783 -6.26078330209554 0.0 0.23 0.23 0.33 0.0 Cone_Yellow
32.94752202740925 36.824322429213545 0.0 0.23 0.23 0.33 0.0 Cone_Yellow
9.64145082248774 29.126033500085565 0.0 0.23 0.23 0.33 0.0 Cone_Yellow
19.26399963197648 18.70868313549265 0.0 0.23 0.23 0.33 0.0 Cone_Yellow
25.10814863155224 7.962197390033445 0.0 0.23 0.23 0.33 0.0 Cone_Yellow
6.645292801418773 -10.96750321328307 0.0 0.23 0.23 0.33 0.0 Cone_Yellow
12.702264198179064 1.0655838533521198 0.0 0.23 0.23 0.33 0.0 Cone_Yellow
29.847146398674973 30.03069191387747 0.0 0.23 0.23 0.33 0.0 Cone_Yellow
3.4564944720631203 15.240725975607841 0.0 0.23 0.23 0.33 0.0 Cone_Yellow
25.20374338844544 1.0740361390094257 0.0 0.23 0.23 0.33 0.0 Cone_Yellow
18.225921367247977 39.03858801829352 0.0 0.23 0.23 0.33 0.0 Cone_Yellow
4.894762714813609 20.9473134589536 0.0 0.23 0.23 0.33 0.0 Cone_Yellow
34.724781968227745 31.89387683094358 0.0 0.23 0.23 0.33 0.0 Cone_Yellow
2.3217491173002145 -1.770231279684392 0.0 0.23 0.23 0.33 0.0 Cone_Yellow
30.43062803537181 38.277911129772875 0.0 0.23 0.23 0.33 0.0 Cone_Yellow
19.986946949473968 27.438623046515936 0.0 0.23 0.23 0.33 0.0 Cone_Yellow
23.792474443290622 -1.4689040722137428 0.0 0.23 0.23 0.33 0.0 Cone_Yellow
27.42402762443382 39.10074194167596 0.0 0.23 0.23 0.33 0.0 Cone_Yellow
16.369435387547462 37.95679049190146 0.0 0.23 0.23 0.33 0.0 Cone_Yellow
9.664167619760121 -9.377698249398218 0.0 0.23 0.23 0.33 0.0 Cone_Yellow
12.990866064932733 -7.804076191238419 0.0 0.23 0.23 0.33 0.0 Cone_Yellow
25.825958804053187 5.57638758343867 0.0 0.23 0.23 0.33 0.0 Cone_Yellow
-2.1430974937622924 -12.724213236032039 0.0 0.23 0.23 0.33 0.0 Cone_Yellow
4.943559642007152 -1.8173601044358705 0.0 0.23 0.23 0.33 0.0 Cone_Yellow
25.094357734112712 39.99093175632558 0.0 0.23 0.23 0.33 0.0 Cone_Yellow
4.581487518759061 14.25424983195667 0.0 0.23 0.23 0.33 0.0 Cone_Yellow
20.736425522489647 15.428523914141234 0.0 0.23 0.23 0.33 0.0 Cone_Yellow
26.13892958634286 29.51969352607588 0.0 0.23 0.23 0.33 0.0 Cone_Yellow
-11.125748677310957 -12.403231039707482 0.0 0.23 0.23 0.33 0.0 Cone_Blue
10.356527898565695 5.734114941900355 0.0 0.23 0.23 0.33 0.0 Cone_Blue
29.277359105399185 42.18163399530934 0.0 0.23 0.23 0.33 0.0 Cone_Blue
7.518407332219822 10.517147289116952 0.0 0.23 0.23 0.33 0.0 Cone_Blue
32.29192549828034 40.69097655327505 0.0 0.23 0.23 0.33 0.0 Cone_Blue
36.24719095898195 28.68077093048666 0.0 0.23 0.23 0.33 0.0 Cone_Blue
1.4672728987950023 -15.694460657291398 0.0 0.23 0.23 0.33 0.0 Cone_Blue
-1.985927994635695 -15.864709639908508 0.0 0.23 0.23 0.33 0.0 Cone_Blue
22.54782141814252 43.323233880348155 0.0 0.23 0.23 0.33 0.0 Cone_Blue
28.2951819640435 7.388865808648092 0.0 0.23 0.23 0.33 0.0 Cone_Blue
-12.146591084633629 -9.651698399342823 0.0 0.23 0.23 0.33 0.0 Cone_Blue
23.029174824401707 17.545932131877557 0.0 0.23 0.23 0.33 0.0 Cone_Blue
1.001353338566144 20.37832403041954 0.0 0.23 0.23 0.33 0.0 Cone_Blue
35.71995350933464 39.20262510584896 0.0 0.23 0.23 0.33 0.0 Cone_Blue
18.139393199215426 -9.469559440080044 0.0 0.23 0.23 0.33 0.0 Cone_Blue
-0.13672222251588906 18.606887166657785 0.0 0.23 0.23 0.33 0.0 Cone_Blue
26.09974921567852 11.65277014950107 0.0 0.23 0.23 0.33 0.0 Cone_Blue
4.2878713881103305 26.247914857741357 0.0 0.23 0.23 0.33 0.0 Cone_Blue
33.93769275735528 27.2202822330408 0.0 0.23 0.23 0.33 0.0 Cone_Blue
-10.859501885051168 -1.627530804019571 0.0 0.23 0.23 0.33 0.0 Cone_Blue
27.02056116825316 10.057759717289784 0.0 0.23 0.23 0.33 0.0 Cone_Blue
-9.147317020391055 -0.22423690742073532 0.0 0.23 0.23 0.33 0.0 Cone_Blue
18.84691610817814 42.51790331425495 0.0 0.23 0.23 0.33 0.0 Cone_Blue
-6.1285339944943455 0.9173596020680712 0.0 0.23 0.23 0.33 0.0 Cone_Blue
1.1346275622607749 11.84378515892072 0.0 0.23 0.23 0.33 0.0 Cone_Blue
-12.22892382778525 -6.498137486097473 0.0 0.23 0.23 0.33 0.0 Cone_Blue
4.662553201712861 1.224183698357045 0.0 0.23 0.23 0.33 0.0 Cone_Blue
9.164475460149692 9.52514176254743 0.0 0.23 0.23 0.33 0.0 Cone_Blue
20.847426324158263 -7.776759283924381 0.0 0.23 0.23 0.33 0.0 Cone_Blue
21.825252325313976 23.610098455416114 0.0 0.23 0.23 0.33 0.0 Cone_Blue
-0.05302033855888677 13.370441123599786 0.0 0.23 0.23 0.33 0.0 Cone_Blue
14.357562212355164 40.76487993726333 0.0 0.23 0.23 0.33 0.0 Cone_Blue
4.704894918930057 -15.03274484513911 0.0 0.23 0.23 0.33 0.0 Cone_Blue
2.938240728195947 11.097298703084004 0.0 0.23 0.23 0.33 0.0 Cone_Blue
21.99113459188736 22.047061244659236 0.0 0.23 0.23 0.33 0.0 Cone_Blue
16.630206243573028 41.88956696833547 0.0 0.23 0.23 0.33 0.0 Cone_Blue
26.162971683753725 -3.4960666658815853 0.0 0.23 0.23 0.33 0.0 Cone_Blue
8.042585005528025 32.59675349061462 0.0 0.23 0.23 0.33 0.0 Cone_Blue
12.269940079413834 39.45035153747521 0.0 0.23 0.23 0.33 0.0 Cone_Blue
37.9591848786644 37.165827295564 0.0 0.23 0.23 0.33 0.0 Cone_Blue
29.06719032215944 4.316301283175626 0.0 0.23 0.23 0.33 0.0 Cone_Blue
-11.85860802581018 -3.3743398543744405 0.0 0.23 0.23 0.33 0.0 Cone_Blue
7.0015407163283 30.628135184259563 0.0 0.23 0.23 0.33 0.0 Cone_Blue
27.773254997623084 -1.01651293734648 0.0 0.23 0.23 0.33 0.0 Cone_Blue
2.2809998637706137 1.2947344024509775 0.0 0.23 0.23 0.33 0.0 Cone_Blue
9.688503887022714 35.43522630747064 0.0 0.23 0.23 0.33 0.0 Cone_Blue
25.861812229509354 25.991041139277684 0.0 0.23 0.23 0.33 0.0 Cone_Blue
-0.2265620889567126 1.6074204190295127 0.0 0.23 0.23 0.33 0.0 Cone_Blue
5.361721518972867 10.981688944799169 0.0 0.23 0.23 0.33 0.0 Cone_Blue
9.416836966405498 2.847728425470514 0.0 0.23 0.23 0.33 0.0 Cone_Blue
10.388548987578808 4.434452163514582 0.0 0.23 0.23 0.33 0.0 Cone_Blue
24.485584281137896 14.687097362570956 0.0 0.23 0.23 0.33 0.0 Cone_Blue
9.767476077532319 8.070492231008497 0.0 0.23 0.23 0.33 0.0 Cone_Blue
23.657631664522427 -5.846241177362796 0.0 0.23 0.23 0.33 0.0 Cone_Blue
10.849816534300812 37.45861127336933 0.0 0.23 0.23 0.33 0.0 Cone_Blue
26.391676458428954 43.15231308857186 0.0 0.23 0.23 0.33 0.0 Cone_Blue
-8.588557315637564 -14.594595168041852 0.0 0.23 0.23 0.33 0.0 Cone_Blue
5.847142898321518 29.06172605198526 0.0 0.23 0.23 0.33 0.0 Cone_Blue
31.44521226101189 26.690858819441615 0.0 0.23 0.23 0.33 0.0 Cone_Blue
2.4406636616521813 22.956143071209734 0.0 0.23 0.23 0.33 0.0 Cone_Blue
22.2901626846228 24.670206934090796 0.0 0.23 0.23 0.33 0.0 Cone_Blue
22.437032110856464 19.27214545998411 0.0 0.23 0.23 0.33 0.0 Cone_Blue
28.66131040945833 1.230302929172307 0.0 0.23 0.23 0.33 0.0 Cone_Blue
-3.3678250913257575 1.3303048995262152 0.0 0.23 0.23 0.33 0.0 Cone_Blue
7.4620745763720535 1.918722145091845 0.0 0.23 0.23 0.33 0.0 Cone_Blue
7.990644814392159 -14.141898148794883 0.0 0.23 0.23 0.33 0.0 Cone_Blue
39.43988442714208 33.726645441293776 0.0 0.23 0.23 0.33 0.0 Cone_Blue
23.336470430019737 25.508432592332436 0.0 0.23 0.23 0.33 0.0 Cone_Blue
38.26341398437477 30.90671787231755 0.0 0.23 0.23 0.33 0.0 Cone_Blue
14.202083982967329 -11.582171361943356 0.0 0.23 0.23 0.33 0.0 Cone_Blue
28.606156590923277 26.23872925601806 0.0 0.23 0.23 0.33 0.0 Cone_Blue
-0.6870672306926453 15.857269532698142 0.0 0.23 0.23 0.33 0.0 Cone_Blue
11.002301952174312 -13.194914059601746 0.0 0.23 0.23 0.33 0.0 Cone_Blue
-5.296028321780026 -15.605950765883076 0.0 0.23 0.23 0.33 0.0 Cone_Blue
