1.2405903350846001 -17.113569457955364 0.0 0.23 0.23 0.33 0.0 Cone_Yellow
3.732847275227366 -16.991501349238796 0.0 0.23 0.23 0.33 0.0 Cone_Yellow
-28.465318066150182 10.481045088895435 0.0 0.23 0.23 0.33 0.0 Cone_Yellow
-0.8577567783166007 -1.0484990656350015 0.0 0.23 0.23 0.33 0.0 Cone_Yellow
14.798999711987948 -12.338338470243603 0.0 0.23 0.23 0.33 0.0 Cone_Yellow
-20.842891395792925 13.54352108002091 0.0 0.23 0.23 0.33 0.0 Cone_Yellow
-3.968041519658419 -4.237520004092323 0.0 0.23 0.23 0.33 0.0 Cone_Yellow
-18.680003865334527 -6.69205898057328 0.0 0.23 0.23 0.33 0.0 Cone_Yellow
-15.75108768666727 -9.944420295667975 0.0 0.23 0.23 0.33 0.0 Cone_Yellow
11.753775391407427 -35.18917405236461 0.0 0.23 0.23 0.33 0.0 Cone_Yellow
-7.170712176836689 -19.718766645359377 0.0 0.23 0.23 0.33 0.0 Cone_Yellow
-18.47535657570925 10.0792462491933 0.0 0.23 0.23 0.33 0.0 Cone_Yellow
-19.321695364723006 -3.802613792003762 0.0 0.23 0.23 0.33 0.0 Cone_Yellow
16.316881267355996 -13.783186641266909 0.0 0.23 0.23 0.33 0.0 Cone_Yellow
13.532309097785355 -35.16737918469748 0.0 0.23 0.23 0.33 0.0 Cone_Yellow
8.692730059374494 -22.102394022909717 0.0 0.23 0.23 0.33 0.0 Cone_Yellow
-5.834018888210798 -8.2654897709574 0.0 0.23 0.23 0.33 0.0 Cone_Yellow
0.8435315045838934 -1.8932479316783173 0.0 0.23 0.23 0.33 0.0 Cone_Yellow
17.442485821043576 -15.201607844428356 0.0 0.23 0.23 0.33 0.0 Cone_Yellow
-22.93986812507456 14.025650644137169 0.0 0.23 0.23 0.33 0.0 Cone_Yellow
-18.97444953511949 12.131289059035655 0.0 0.23 0.23 0.33 0.0 Cone_Yellow
6.385568414348761 -6.085885493458758 0.0 0.23 0.23 0.33 0.0 Cone_Yellow
-25.896743415252338 13.819468285219621 0.0 0.23 0.23 0.33 0.0 Cone_Yellow
-16.99851600927584 -22.232102145529456 0.0 0.23 0.23 0.33 0.0 Cone_Yellow
19.832855621242167 -20.938492326425404 0.0 0.23 0.23 0.33 0.0 Cone_Yellow
12.581040749315301 -10.641460883317023 0.0 0.23 0.23 0.33 0.0 Cone_Yellow
-18.276013036524233 7.172047164799472 0.0 0.23 0.23 0.33 0.0 Cone_Yellow
-7.654191332759503 -9.366257266984668 0.0 0.23 0.23 0.33 0.0 Cone_Yellow
-4.672918661074817 -6.456209743070426 0.0 0.23 0.23 0.33 0.0 Cone_Yellow
9.67641814642886 -32.63273209609843 0.0 0.23 0.23 0.33 0.0 Cone_Yellow
-10.022400510390339 -20.740556690688184 0.0 0.23 0.23 0.33 0.0 Cone_Yellow
-29.395947695074327 1.629700108189982 0.0 0.23 0.23 0.33 0.0 Cone_Yellow
-27.4476898929168 12.542950889947019 0.0 0.23 0.23 0.33 0.0 Cone_Yellow
-23.113214796023925 -17.08936089692679 0.0 0.23 0.23 0.33 0.0 Cone_Yellow
9.220260305481942 -8.108239994703743 0.0 0.23 0.23 0.33 0.0 Cone_Yellow
5.816983581248435 -17.571862384797775 0.0 0.23 0.23 0.33 0.0 Cone_Yellow
19.90225765951898 -23.01550090151609 0.0 0.23 0.23 0.33 0.0 Cone_Yellow
-24.366881691684917 -14.347086349263481 0.0 0.23 0.23 0.33 0.0 Cone_Yellow
-29.775645885908766 4.516781002178754 0.0 0.23 0.23 0.33 0.0 Cone_Yellow
-18.65201565094801 4.070934698881774 0.0 0.23 0.23 0.33 0.0 Cone_Yellow
-13.335153243545912 -10.304374620651501 0.0 0.23 0.23 0.33 0.0 Cone_Yellow
-10.45572857247243 -10.028749583372086 0.0 0.23 0.23 0.33 0.0 Cone_Yellow
-25.303496622796793 -11.755018068348466 0.0 0.23 0.23 0.33 0.0 Cone_Yellow
15.415721114379066 -33.28084527504833 0.0 0.23 0.23 0.33 0.0 Cone_Yellow
10.682976961056006 -9.196872591448294 0.0 0.23 0.23 0.33 0.0 Cone_Yellow
-0.8527146448617842 -17.445657555479972 0.0 0.23 0.23 0.33 0.0 Cone_Yellow
-12.243933784894113 -21.904486988230392 0.0 0.23 0.23 0.33 0.0 Cone_Yellow
-28.724256984617007 -1.225764649358239 0.0 0.23 0.23 0.33 0.0 Cone_Yellow
-17.540145605471224 -8.73560749147266 0.0 0.23 0.23 0.33 0.0 Cone_Yellow
9.06160300867991 -29.357717987159088 0.0 0.23 0.23 0.33 0.0 Cone_Yellow
-2.322949688732246 -1.329133266438646 0.0 0.23 0.23 0.33 0.0 Cone_Yellow
-19.090275842289458 -21.140612515038665 0.0 0.23 0.23 0.33 0.0 Cone_Yellow
19.448004058211154 -18.95013725495646 0.0 0.23 0.23 0.33 0.0 Cone_Yellow
3.159814975838263 -3.467601848419712 0.0 0.23 0.23 0.33 0.0 Cone_Yellow
10.302174530302851 -34.429578502225255 0.0 0.23 0.23 0.33 0.0 Cone_Yellow
-19.059734418463506 1.9174573563793809 0.0 0.23 0.23 0.33 0.0 Cone_Yellow
17.171742474125374 -30.964800270808844 0.0 0.23 0.23 0.33 0.0 Cone_Yellow
7.718992954450611 -19.251296640636316 0.0 0.23 0.23 0.33 0.0 Cone_Yellow
-21.437439730076854 -19.423333668351017 0.0 0.23 0.23 0.33 0.0 Cone_Yellow
18.362976703132908 -28.084234772905624 0.0 0.23 0.23 0.33 0.0 Cone_Yellow
18.606087714262692 -16.973270301738555 0.0 0.23 0.23 0.33 0.0 Cone_Yellow
-27.52320735989094 -4.419283835296194 0.0 0.23 0.23 0.33 0.0 Cone_Yellow
-26.376589710092546 -7.916207753858301 0.0 0.23 0.23 0.33 0.0 Cone_Yellow
-14.700618090553816 -22.31926656742268 0.0 0.23 0.23 0.33 0.0 Cone_Yellow
-29.37164386098064 7.713067730587789 0.0 0.23 0.23 0.33 0.0 Cone_Yellow
-19.43334771318203 -0.6780242289138156 0.0 0.23 0.23 0.33 0.0 Cone_Yellow
19.536653837584694 -25.883716268543594 0.0 0.23 0.23 0.33 0.0 Cone_Yellow
-3.4419790577564253 -2.322369294967841 0.0 0.23 0.23 0.33 0.0 Cone_Yellow
-4.290846626854803 -18.497670385661706 0.0 0.23 0.23 0.33 0.0 Cone_Yellow
9.01688176300375 -25.61472569625285 0.0 0.23 0.23 0.33 0.0 Cone_Yellow
-27.93332939483819 16.585626738684095 0.0 0.23 0.23 0.33 0.0 Cone_Blue
-12.615600255282358 -6.990180779749008 0.0 0.23 0.23 0.33 0.0 Cone_Blue
21.18878528361219 -30.307192102898295 0.0 0.23 0.23 0.33 0.0 Cone_Blue
-7.51606304621704 -4.770485522062939 0.0 0.23 0.23 0.33 0.0 Cone_Blue
19.333941253736796 -33.11240577950412 0.0 0.23 0.23 0.33 0.0 Cone_Blue
6.924341543747692 -35.53954380691732 0.0 0.23 0.23 0.33 0.0 Cone_Blue
-32.76881197713976 4.501153518547857 0.0 0.23 0.23 0.33 0.0 Cone_Blue
-32.507234069530696 7.948639287151345 0.0 0.23 0.23 0.33 0.0 Cone_Blue
23.160427606525992 -23.77247295574105 0.0 0.23 0.23 0.33 0.0 Cone_Blue
-13.210109157829086 -24.995182009315155 0.0 0.23 0.23 0.33 0.0 Cone_Blue
-25.075997381119066 17.25548109222394 0.0 0.23 0.23 0.33 0.0 Cone_Blue
-2.475786162931376 -21.036503273871887 0.0 0.23 0.23 0.33 0.0 Cone_Blue
3.080642417892715 0.4663678066365584 0.0 0.23 0.23 0.33 0.0 Cone_Blue
17.429840385178643 -36.32814301348085 0.0 0.23 0.23 0.33 0.0 Cone_Blue
-28.670929252081123 -12.816939553363849 0.0 0.23 0.23 0.33 0.0 Cone_Blue
1.4649050593670419 1.8164038555222044 0.0 0.23 0.23 0.33 0.0 Cone_Blue
-8.70577176645752 -23.348442854126848 0.0 0.23 0.23 0.33 0.0 Cone_Blue
8.49472381546404 -3.526252885419253 0.0 0.23 0.23 0.33 0.0 Cone_Blue
5.763163796840319 -33.06598858845725 0.0 0.23 0.23 0.33 0.0 Cone_Blue
-17.2748857864255 14.978087386108282 0.0 0.23 0.23 0.33 0.0 Cone_Blue
-10.403133503363202 -24.06322678298626 0.0 0.23 0.23 0.33 0.0 Cone_Blue
-16.09599163866448 13.104315959445596 0.0 0.23 0.23 0.33 0.0 Cone_Blue
22.822758858455003 -20.000041743567305 0.0 0.23 0.23 0.33 0.0 Cone_Blue
-15.339642412878261 9.966764462406587 0.0 0.23 0.23 0.33 0.0 Cone_Blue
-5.403930731835091 1.398105019987928 0.0 0.23 0.23 0.33 0.0 Cone_Blue
-21.936774225450634 16.94402789660888 0.0 0.23 0.23 0.33 0.0 Cone_Blue
-16.380499818820134 -0.7783888525864828 0.0 0.23 0.23 0.33 0.0 Cone_Blue
-8.705539307042551 -6.280042235626094 0.0 0.23 0.23 0.33 0.0 Cone_Blue
-27.328936363209756 -15.714882075341638 0.0 0.23 0.23 0.33 0.0 Cone_Blue
3.691160627596582 -20.59797178566871 0.0 0.23 0.23 0.33 0.0 Cone_Blue
-3.7411246846848254 2.3861647450916417 0.0 0.23 0.23 0.33 0.0 Cone_Blue
21.643083726746003 -15.32716725928599 0.0 0.23 0.23 0.33 0.0 Cone_Blue
-32.51588165949701 1.206295340153388 0.0 0.23 0.23 0.33 0.0 Cone_Blue
-6.369443891888778 -0.29837569574258094 0.0 0.23 0.23 0.33 0.0 Cone_Blue
2.1196371769574576 -20.567701459184505 0.0 0.23 0.23 0.33 0.0 Cone_Blue
22.47567398253169 -17.722292574684488 0.0 0.23 0.23 0.33 0.0 Cone_Blue
-23.744309575080713 -21.522618514774006 0.0 0.23 0.23 0.33 0.0 Cone_Blue
14.325945921533599 -8.043162789852992 0.0 0.23 0.23 0.33 0.0 Cone_Blue
20.5990670669328 -13.091953556342013 0.0 0.23 0.23 0.33 0.0 Cone_Blue
15.12977495731492 -38.295984844756454 0.0 0.23 0.23 0.33 0.0 Cone_Blue
-16.354947299712563 -25.3781215992606 0.0 0.23 0.23 0.33 0.0 Cone_Blue
-18.883512302247283 16.187167892732685 0.0 0.23 0.23 0.33 0.0 Cone_Blue
12.502468837234865 -6.764819107102144 0.0 0.23 0.23 0.33 0.0 Cone_Blue
-21.484848112106746 -23.429456982225826 0.0 0.23 0.23 0.33 0.0 Cone_Blue
-16.013599406454418 1.5757899406910951 0.0 0.23 0.23 0.33 0.0 Cone_Blue
16.937083870492067 -10.030104034077457 0.0 0.23 0.23 0.33 0.0 Cone_Blue
5.550304750308905 -24.899865212402567 0.0 0.23 0.23 0.33 0.0 Cone_Blue
-15.390743591319358 4.0248081368835775 0.0 0.23 0.23 0.33 0.0 Cone_Blue
-6.786278790816555 -2.688537494975275 0.0 0.23 0.23 0.33 0.0 Cone_Blue
-15.362321133384393 -5.697984746629234 0.0 0.23 0.23 0.33 0.0 Cone_Blue
-13.909115924072116 -6.859927556148244 0.0 0.23 0.23 0.33 0.0 Cone_Blue
-5.493883860584679 -22.125149695483042 0.0 0.23 0.23 0.33 0.0 Cone_Blue
-10.224014691418974 -6.696992485911596 0.0 0.23 0.23 0.33 0.0 Cone_Blue
-25.763817494856816 -18.743835218376216 0.0 0.23 0.23 0.33 0.0 Cone_Blue
18.79990691858773 -11.434605396282734 0.0 0.23 0.23 0.33 0.0 Cone_Blue
22.51163998066437 -27.56503279104039 0.0 0.23 0.23 0.33 0.0 Cone_Blue
-30.423900972871174 14.34141864597187 0.0 0.23 0.23 0.33 0.0 Cone_Blue
11.092194565658371 -5.42414824114714 0.0 0.23 0.23 0.33 0.0 Cone_Blue
5.5485995829650605 -30.52695129577262 0.0 0.23 0.23 0.33 0.0 Cone_Blue
5.458917212246449 -1.2830818827641397 0.0 0.23 0.23 0.33 0.0 Cone_Blue
4.685040092151236 -21.191415328633976 0.0 0.23 0.23 0.33 0.0 Cone_Blue
-0.6892191523630942 -20.66418114978236 0.0 0.23 0.23 0.33 0.0 Cone_Blue
-19.366271173137335 -24.59068723768656 0.0 0.23 0.23 0.33 0.0 Cone_Blue
-15.274086750128292 7.176112222909789 0.0 0.23 0.23 0.33 0.0 Cone_Blue
-16.040386419418155 -3.6426560287964316 0.0 0.23 0.23 0.33 0.0 Cone_Blue
-32.04160791550539 -2.164880215595198 0.0 0.23 0.23 0.33 0.0 Cone_Blue
11.532829478277625 -39.33638198067945 0.0 0.23 0.23 0.33 0.0 Cone_Blue
5.386286892002469 -22.33405922675388 0.0 0.23 0.23 0.33 0.0 Cone_Blue
8.881567571377433 -37.81753883604693 0.0 0.23 0.23 0.33 0.0 Cone_Blue
-30.27620918685649 -8.646974406296216 0.0 0.23 0.23 0.33 0.0 Cone_Blue
5.453932565795013 -27.653678528379306 0.0 0.23 0.23 0.33 0.0 Cone_Blue
-1.194652334920157 2.7052408639209133 0.0 0.23 0.23 0.33 0.0 Cone_Blue
-31.477464518608215 -5.271099752021503 0.0 0.23 0.23 0.33 0.0 Cone_Blue
-31.837834984888012 11.200657921188895 0.0 0.23 0.23 0.33 0.0 Cone_Blue
