-7.8539149404442785 -16.90786160592873 0.0 0.23 0.23 0.33 0.0 Cone_Yellow
-6.771085500039282 -14.659812300008678 0.0 0.23 0.23 0.33 0.0 Cone_Yellow
-46.284161193538985 -29.831480250036176 0.0 0.23 0.23 0.33 0.0 Cone_Yellow
-22.97107967575319 -11.080265387584488 0.0 0.23 0.23 0.33 0.0 Cone_Yellow
-5.575256713288656 -2.714869937449554 0.0 0.23 0.23 0.33 0.0 Cone_Yellow
-45.33513341253574 -21.671854412286155 0.0 0.23 0.23 0.33 0.0 Cone_Yellow
-21.654321755736504 -15.335835184711105 0.0 0.23 0.23 0.33 0.0 Cone_Yellow
-26.52283395732121 -29.434210502125406 0.0 0.23 0.23 0.33 0.0 Cone_Yellow
-22.266635105796134 -28.413830454368725 0.0 0.23 0.23 0.33 0.0 Cone_Yellow
13.047938996389927 -16.30202046737275 0.0 0.23 0.23 0.33 0.0 Cone_Yellow
-9.58141687635191 -25.54225790177632 0.0 0.23 0.23 0.33 0.0 Cone_Yellow
-41.16080806150476 -21.24590947270553 0.0 0.23 0.23 0.33 0.0 Cone_Yellow
-29.367989159802242 -28.618273401651308 0.0 0.23 0.23 0.33 0.0 Cone_Yellow
-3.5809703001083957 -2.0711523319418843 0.0 0.23 0.23 0.33 0.0 Cone_Yellow
13.878059938203478 -14.728948192192227 0.0 0.23 0.23 0.33 0.0 Cone_Yellow
0.08787640106306327 -12.742443583906159 0.0 0.23 0.23 0.33 0.0 Cone_Yellow
-19.006270847728487 -18.898732653250818 0.0 0.23 0.23 0.33 0.0 Cone_Yellow
-21.416476943759182 -9.988847587705475 0.0 0.23 0.23 0.33 0.0 Cone_Yellow
-1.797220110198305 -1.7594800988894272 0.0 0.23 0.23 0.33 0.0 Cone_Yellow
-46.7600754194198 -23.28408907162111 0.0 0.23 0.23 0.33 0.0 Cone_Yellow
-43.202107768185684 -20.704551011921044 0.0 0.23 0.23 0.33 0.0 Cone_Yellow
-15.08633200585159 -7.1215059793980116 0.0 0.23 0.23 0.33 0.0 Cone_Yellow
-47.99086058858697 -25.98052941291384 0.0 0.23 0.23 0.33 0.0 Cone_Yellow
-12.066026633383228 -35.377363283041205 0.0 0.23 0.23 0.33 0.0 Cone_Yellow
4.3847818797182825 -2.3986692243815195 0.0 0.23 0.23 0.33 0.0 Cone_Yellow
-8.125277664220542 -3.8533463996226303 0.0 0.23 0.23 0.33 0.0 Cone_Yellow
-38.51128011445438 -22.45898243865362 0.0 0.23 0.23 0.33 0.0 Cone_Yellow
-18.90826196169958 -21.02361172427202 0.0 0.23 0.23 0.33 0.0 Cone_Yellow
-20.041511499777908 -17.014608254727673 0.0 0.23 0.23 0.33 0.0 Cone_Yellow
9.809821867533522 -16.90650872931815 0.0 0.23 0.23 0.33 0.0 Cone_Yellow
-10.045360385846559 -28.535740433620596 0.0 0.23 0.23 0.33 0.0 Cone_Yellow
-38.95153069000899 -34.87577498492156 0.0 0.23 0.23 0.33 0.0 Cone_Yellow
-47.60987484783219 -27.95278231311576 0.0 0.23 0.23 0.33 0.0 Cone_Yellow
-19.504409534387513 -38.294174662061955 0.0 0.23 0.23 0.33 0.0 Cone_Yellow
-11.95584163106616 -5.596571272685016 0.0 0.23 0.23 0.33 0.0 Cone_Yellow
-5.265966273621789 -13.10576622992625 0.0 0.23 0.23 0.33 0.0 Cone_Yellow
6.242834745882739 -3.3294865052993563 0.0 0.23 0.23 0.33 0.0 Cone_Yellow
-22.512482214353327 -38.08621040532156 0.0 0.23 0.23 0.33 0.0 Cone_Yellow
-41.6695037204198 -33.830772874628295 0.0 0.23 0.23 0.33 0.0 Cone_Yellow
-35.96610939541591 -24.27016506425295 0.0 0.23 0.23 0.33 0.0 Cone_Yellow
-20.796733366312047 -26.463011337742042 0.0 0.23 0.23 0.33 0.0 Cone_Yellow
-19.663945870150457 -23.80146139718074 0.0 0.23 0.23 0.33 0.0 Cone_Yellow
-25.237183856684794 -37.671401458475394 0.0 0.23 0.23 0.33 0.0 Cone_Yellow
13.119854314522854 -12.173292650315584 0.0 0.23 0.23 0.33 0.0 Cone_Yellow
-10.300877165438838 -4.831225884837519 0.0 0.23 0.23 0.33 0.0 Cone_Yellow
-8.56171128735606 -18.90566854727321 0.0 0.23 0.23 0.33 0.0 Cone_Yellow
-10.083509505232666 -31.04342631346165 0.0 0.23 0.23 0.33 0.0 Cone_Yellow
-36.12190658779983 -35.64912796533324 0.0 0.23 0.23 0.33 0.0 Cone_Yellow
-24.18302469711028 -29.408520138001006 0.0 0.23 0.23 0.33 0.0 Cone_Yellow
6.638729774278428 -15.88284374337206 0.0 0.23 0.23 0.33 0.0 Cone_Yellow
-23.42415392942641 -12.501627248635863 0.0 0.23 0.23 0.33 0.0 Cone_Yellow
-14.02387677264236 -36.694037747243 0.0 0.23 0.23 0.33 0.0 Cone_Yellow
2.453991432065326 -1.787346999155103 0.0 0.23 0.23 0.33 0.0 Cone_Yellow
-18.92715731440285 -8.705474237013473 0.0 0.23 0.23 0.33 0.0 Cone_Yellow
11.687382773735159 -17.21471824032196 0.0 0.23 0.23 0.33 0.0 Cone_Yellow
-34.26869984134052 -25.656707549642103 0.0 0.23 0.23 0.33 0.0 Cone_Yellow
11.923438797514962 -9.524469253369183 0.0 0.23 0.23 0.33 0.0 Cone_Yellow
-2.882141069723808 -12.236561724246691 0.0 0.23 0.23 0.33 0.0 Cone_Yellow
-16.65351963944866 -37.936295106435885 0.0 0.23 0.23 0.33 0.0 Cone_Yellow
9.961328805578752 -7.1023171203243445 0.0 0.23 0.23 0.33 0.0 Cone_Yellow
0.3150410048245469 -1.5830992311402206 0.0 0.23 0.23 0.33 0.0 Cone_Yellow
-32.742484242702936 -36.11879764230655 0.0 0.23 0.23 0.33 0.0 Cone_Yellow
-29.12247467789175 -36.781171915445626 0.0 0.23 0.23 0.33 0.0 Cone_Yellow
-10.892168853549968 -33.3999937186866 0.0 0.23 0.23 0.33 0.0 Cone_Yellow
-44.2849269252299 -31.949542440553127 0.0 0.23 0.23 0.33 0.0 Cone_Yellow
-32.16664835305309 -27.224346249781615 0.0 0.23 0.23 0.33 0.0 Cone_Yellow
8.588341691242864 -5.02032142199971 0.0 0.23 0.23 0.33 0.0 Cone_Yellow
-23.085820978694084 -13.959116648788006 0.0 0.23 0.23 0.33 0.0 Cone_Yellow
-9.279133931026392 -22.42884712219945 0.0 0.23 0.23 0.33 0.0 Cone_Yellow
3.328686585395676 -14.13481474838105 0.0 0.23 0.23 0.33 0.0 Cone_Yellow
-51.3937712166087 -26.449052944463116 0.0 0.23 0.23 0.33 0.0 Cone_Blue
-23.365073516712492 -24.24822778402036 0.0 0.23 0.23 0.33 0.0 Cone_Blue
13.263832046644794 -5.680977693154747 0.0 0.23 0.23 0.33 0.0 Cone_Blue
-22.880266107940564 -18.707714399862212 0.0 0.23 0.23 0.33 0.0 Cone_Blue
14.842854636323967 -8.650212915878544 0.0 0.23 0.23 0.33 0.0 Cone_Blue
11.049672118396341 -20.712589561961405 0.0 0.23 0.23 0.33 0.0 Cone_Blue
-43.085044530405135 -36.468107074764056 0.0 0.23 0.23 0.33 0.0 Cone_Blue
-45.98918677169543 -34.592063640078685 0.0 0.23 0.23 0.33 0.0 Cone_Blue
8.463743584228489 -0.8282384116039321 0.0 0.23 0.23 0.33 0.0 Cone_Blue
-7.829306153651476 -33.36817529224287 0.0 0.23 0.23 0.33 0.0 Cone_Blue
-50.61791312980643 -23.618665105186665 0.0 0.23 0.23 0.33 0.0 Cone_Blue
-6.181738331790694 -22.046410952635313 0.0 0.23 0.23 0.33 0.0 Cone_Blue
-22.42144897634686 -6.8965211358790715 0.0 0.23 0.23 0.33 0.0 Cone_Blue
16.759052958579204 -11.858756209246177 0.0 0.23 0.23 0.33 0.0 Cone_Blue
-25.912140743382444 -41.13719328058552 0.0 0.23 0.23 0.33 0.0 Cone_Blue
-24.379158326973144 -7.671491227880498 0.0 0.23 0.23 0.33 0.0 Cone_Blue
-7.12529974746872 -28.624212796544583 0.0 0.23 0.23 0.33 0.0 Cone_Blue
-16.328144190787835 -4.046094122176813 0.0 0.23 0.23 0.33 0.0 Cone_Blue
8.321867720182865 -20.55167858107083 0.0 0.23 0.23 0.33 0.0 Cone_Blue
-44.891815824741194 -17.851891842915798 0.0 0.23 0.23 0.33 0.0 Cone_Blue
-7.307782308852218 -30.45687562577916 0.0 0.23 0.23 0.33 0.0 Cone_Blue
-42.68253694199649 -17.71083302801563 0.0 0.23 0.23 0.33 0.0 Cone_Blue
4.987948780817092 0.6764568793386818 0.0 0.23 0.23 0.33 0.0 Cone_Blue
-39.564638829450686 -18.54450257148138 0.0 0.23 0.23 0.33 0.0 Cone_Blue
-27.2915790610279 -13.906367690983572 0.0 0.23 0.23 0.33 0.0 Cone_Blue
-48.845246969920204 -21.009186268380756 0.0 0.23 0.23 0.33 0.0 Cone_Blue
-30.620695172900064 -24.58996167486291 0.0 0.23 0.23 0.33 0.0 Cone_Blue
-22.121919872091087 -20.47364934574894 0.0 0.23 0.23 0.33 0.0 Cone_Blue
-22.72511753395611 -41.34188533476971 0.0 0.23 0.23 0.33 0.0 Cone_Blue
-3.622254657567261 -16.41857070039534 0.0 0.23 0.23 0.33 0.0 Cone_Blue
-27.365704310869504 -11.973574008733074 0.0 0.23 0.23 0.33 0.0 Cone_Blue
0.31893379337836336 1.8713160381070084 0.0 0.23 0.23 0.33 0.0 Cone_Blue
-40.06932113046074 -37.8192090458764 0.0 0.23 0.23 0.33 0.0 Cone_Blue
-26.26205166267397 -15.564781335742001 0.0 0.23 0.23 0.33 0.0 Cone_Blue
-4.399271606445698 -17.78489676313798 0.0 0.23 0.23 0.33 0.0 Cone_Blue
2.8209233459066745 1.459150913998701 0.0 0.23 0.23 0.33 0.0 Cone_Blue
-15.910591651923388 -40.965602511365425 0.0 0.23 0.23 0.33 0.0 Cone_Blue
-9.574996036414902 -1.0795108450420923 0.0 0.23 0.23 0.33 0.0 Cone_Blue
-2.14351190658658 2.0213568942768836 0.0 0.23 0.23 0.33 0.0 Cone_Blue
17.389740956219875 -14.819319516288278 0.0 0.23 0.23 0.33 0.0 Cone_Blue
-8.9945423628055 -36.31416820551831 0.0 0.23 0.23 0.33 0.0 Cone_Blue
-46.72228253916823 -18.687922073397157 0.0 0.23 0.23 0.33 0.0 Cone_Blue
-11.568912777614429 -2.071240282618625 0.0 0.23 0.23 0.33 0.0 Cone_Blue
-13.156275803320499 -39.89091965128372 0.0 0.23 0.23 0.33 0.0 Cone_Blue
-32.513937366798714 -23.143445965112814 0.0 0.23 0.23 0.33 0.0 Cone_Blue
-6.582370249946919 0.2659139201001999 0.0 0.23 0.23 0.33 0.0 Cone_Blue
1.045261254025739 -16.839283356513352 0.0 0.23 0.23 0.33 0.0 Cone_Blue
-34.36828620083293 -21.426754410568027 0.0 0.23 0.23 0.33 0.0 Cone_Blue
-24.361038180407192 -17.072353058651178 0.0 0.23 0.23 0.33 0.0 Cone_Blue
-25.812020902143352 -26.044528054895242 0.0 0.23 0.23 0.33 0.0 Cone_Blue
-24.09718604390826 -25.322546142416062 0.0 0.23 0.23 0.33 0.0 Cone_Blue
-6.666402528674533 -25.218029681317226 0.0 0.23 0.23 0.33 0.0 Cone_Blue
-22.48066637496029 -22.006919038545803 0.0 0.23 0.23 0.33 0.0 Cone_Blue
-19.316439816631576 -41.41309231608914 0.0 0.23 0.23 0.33 0.0 Cone_Blue
-4.458820007281563 1.2319719679569525 0.0 0.23 0.23 0.33 0.0 Cone_Blue
11.486179551470759 -3.20927102618887 0.0 0.23 0.23 0.33 0.0 Cone_Blue
-50.61122968457156 -29.708967897239905 0.0 0.23 0.23 0.33 0.0 Cone_Blue
-13.42028263380601 -2.6701572614030957 0.0 0.23 0.23 0.33 0.0 Cone_Blue
5.988548043370109 -19.527780411662558 0.0 0.23 0.23 0.33 0.0 Cone_Blue
-19.748684169853377 -5.642290892912355 0.0 0.23 0.23 0.33 0.0 Cone_Blue
-2.6262510907235157 -15.828699084206576 0.0 0.23 0.23 0.33 0.0 Cone_Blue
-5.655763561514307 -20.29889958260932 0.0 0.23 0.23 0.33 0.0 Cone_Blue
-11.124344297215726 -38.58398495244479 0.0 0.23 0.23 0.33 0.0 Cone_Blue
-37.081397168408074 -19.81947250037752 0.0 0.23 0.23 0.33 0.0 Cone_Blue
-27.941669052376003 -25.658850175463552 0.0 0.23 0.23 0.33 0.0 Cone_Blue
-36.88084928811594 -39.01227548262289 0.0 0.23 0.23 0.33 0.0 Cone_Blue
16.586277181681417 -18.476489042384657 0.0 0.23 0.23 0.33 0.0 Cone_Blue
-1.2874416067371435 -15.758191511560884 0.0 0.23 0.23 0.33 0.0 Cone_Blue
13.985774642147689 -20.08069000824146 0.0 0.23 0.23 0.33 0.0 Cone_Blue
-30.342518017919495 -40.55642637207844 0.0 0.23 0.23 0.33 0.0 Cone_Blue
3.4188128747690527 -18.238936199494635 0.0 0.23 0.23 0.33 0.0 Cone_Blue
-26.430082634724485 -9.583816055121304 0.0 0.23 0.23 0.33 0.0 Cone_Blue
-33.88226074542598 -39.999860583962324 0.0 0.23 0.23 0.33 0.0 Cone_Blue
-48.52684727367955 -32.45103596456451 0.0 0.23 0.23 0.33 0.0 Cone_Blue
