17.193725385662155 -8.910372610487176 0.0 0.23 0.23 0.33 0.0 Cone_Yellow
15.321090171104085 -10.5594580030768 0.0 0.23 0.23 0.33 0.0 Cone_Yellow
57.62329570946916 -11.968736448254852 0.0 0.23 0.23 0.33 0.0 Cone_Yellow
28.849195956221195 -20.163796671516767 0.0 0.23 0.23 0.33 0.0 Cone_Yellow
9.569027370018565 -21.096318449360087 0.0 0.23 0.23 0.33 0.0 Cone_Yellow
53.57231829278703 -19.11504525145704 0.0 0.23 0.23 0.33 0.0 Cone_Yellow
29.29317969503045 -15.731347669236436 0.0 0.23 0.23 0.33 0.0 Cone_Yellow
39.26654442635078 -4.640874569151311 0.0 0.23 0.23 0.33 0.0 Cone_Yellow
34.94890642035148 -3.9236534353761385 0.0 0.23 0.23 0.33 0.0 Cone_Yellow
-2.294764753227703 -1.3305775216796185 0.0 0.23 0.23 0.33 0.0 Cone_Yellow
22.146597232169764 -1.6298422174194087 0.0 0.23 0.23 0.33 0.0 Cone_Yellow
49.561528310533646 -17.88216855605311 0.0 0.23 0.23 0.33 0.0 Cone_Yellow
41.56953234272357 -6.500150808760653 0.0 0.23 0.23 0.33 0.0 Cone_Yellow
7.481475979120493 -20.912797758985857 0.0 0.23 0.23 0.33 0.0 Cone_Yellow
-3.671838678733124 -2.4563326303387463 0.0 0.23 0.23 0.33 0.0 Cone_Yellow
8.256827953300787 -9.655101617364307 0.0 0.23 0.23 0.33 0.0 Cone_Yellow
28.24123284566488 -11.418596829130019 0.0 0.23 0.23 0.33 0.0 Cone_Yellow
26.992329896944803 -20.563835302305538 0.0 0.23 0.23 0.33 0.0 Cone_Yellow
5.717125706287979 -20.505400611700765 0.0 0.23 0.23 0.33 0.0 Cone_Yellow
55.512526845339835 -18.184802760305047 0.0 0.23 0.23 0.33 0.0 Cone_Yellow
51.23099132182804 -19.17556204972718 0.0 0.23 0.23 0.33 0.0 Cone_Yellow
20.045300750234702 -20.74038237367365 0.0 0.23 0.23 0.33 0.0 Cone_Yellow
57.69601802527227 -16.18031057674584 0.0 0.23 0.23 0.33 0.0 Cone_Yellow
28.26431671403503 6.461887625236422 0.0 0.23 0.23 0.33 0.0 Cone_Yellow
0.2717672038555534 -17.50977344506823 0.0 0.23 0.23 0.33 0.0 Cone_Yellow
12.361090805850512 -21.040485883558503 0.0 0.23 0.23 0.33 0.0 Cone_Yellow
47.59335095828901 -15.733256674884778 0.0 0.23 0.23 0.33 0.0 Cone_Yellow
28.978248024330995 -9.423220815788095 0.0 0.23 0.23 0.33 0.0 Cone_Yellow
28.46123245832005 -13.557112231739382 0.0 0.23 0.23 0.33 0.0 Cone_Yellow
0.9232007983782964 -2.034499610905506 0.0 0.23 0.23 0.33 0.0 Cone_Yellow
23.739402661519335 0.9468130006285058 0.0 0.23 0.23 0.33 0.0 Cone_Yellow
52.83316167723562 -4.467603505363552 0.0 0.23 0.23 0.33 0.0 Cone_Yellow
58.11296156550516 -14.215344999115684 0.0 0.23 0.23 0.33 0.0 Cone_Yellow
36.25139978586102 6.25252476680982 0.0 0.23 0.23 0.33 0.0 Cone_Yellow
16.568107332900958 -20.92618276337442 0.0 0.23 0.23 0.33 0.0 Cone_Yellow
13.329685581144995 -11.404887380825233 0.0 0.23 0.23 0.33 0.0 Cone_Yellow
-1.0772777403425167 -15.928995471268351 0.0 0.23 0.23 0.33 0.0 Cone_Yellow
38.94115573203935 4.889820349103395 0.0 0.23 0.23 0.33 0.0 Cone_Yellow
54.92981946831402 -6.48835408662492 0.0 0.23 0.23 0.33 0.0 Cone_Yellow
45.954161935162304 -13.074058329746798 0.0 0.23 0.23 0.33 0.0 Cone_Yellow
32.83546270048226 -5.148260308000907 0.0 0.23 0.23 0.33 0.0 Cone_Yellow
30.755820858475666 -7.158769051214257 0.0 0.23 0.23 0.33 0.0 Cone_Yellow
41.28936776722257 3.4469185021546522 0.0 0.23 0.23 0.33 0.0 Cone_Yellow
-3.968465818996684 -5.105533142977379 0.0 0.23 0.23 0.33 0.0 Cone_Yellow
14.745750032270339 -20.986803007739205 0.0 0.23 0.23 0.33 0.0 Cone_Yellow
18.62349087975595 -7.345770783987998 0.0 0.23 0.23 0.33 0.0 Cone_Yellow
24.75087270427354 3.2417797062421094 0.0 0.23 0.23 0.33 0.0 Cone_Yellow
50.52789988762481 -2.653598137820506 0.0 0.23 0.23 0.33 0.0 Cone_Yellow
37.10135323395758 -3.753567142516875 0.0 0.23 0.23 0.33 0.0 Cone_Yellow
3.445532058924499 -4.212011971244337 0.0 0.23 0.23 0.33 0.0 Cone_Yellow
29.81990742966316 -19.03098377667442 0.0 0.23 0.23 0.33 0.0 Cone_Yellow
30.580312767056576 6.912410759899551 0.0 0.23 0.23 0.33 0.0 Cone_Yellow
1.812201200738489 -18.824585111068707 0.0 0.23 0.23 0.33 0.0 Cone_Yellow
24.199764710467527 -20.77676499408266 0.0 0.23 0.23 0.33 0.0 Cone_Yellow
-0.6862162077448879 -1.0196080109937675 0.0 0.23 0.23 0.33 0.0 Cone_Yellow
44.93051489109615 -11.13605781704559 0.0 0.23 0.23 0.33 0.0 Cone_Yellow
-3.8977331157085047 -8.011160848350775 0.0 0.23 0.23 0.33 0.0 Cone_Yellow
10.795541509811857 -11.277400514207514 0.0 0.23 0.23 0.33 0.0 Cone_Yellow
33.48612121704868 7.032835862634251 0.0 0.23 0.23 0.33 0.0 Cone_Yellow
-3.0334711094639175 -11.00611456429225 0.0 0.23 0.23 0.33 0.0 Cone_Yellow
3.7028590504316377 -19.84548617205663 0.0 0.23 0.23 0.33 0.0 Cone_Yellow
47.59798643948918 -0.905258302879254 0.0 0.23 0.23 0.33 0.0 Cone_Yellow
44.52149579114956 1.114250107036348 0.0 0.23 0.23 0.33 0.0 Cone_Yellow
26.4132208795384 5.097564828820481 0.0 0.23 0.23 0.33 0.0 Cone_Yellow
56.60644568137745 -9.239424974119164 0.0 0.23 0.23 0.33 0.0 Cone_Yellow
43.60466094591381 -8.87370884537236 0.0 0.23 0.23 0.33 0.0 Cone_Yellow
-2.5794128848541042 -13.458385110671435 0.0 0.23 0.23 0.33 0.0 Cone_Yellow
30.075722600435366 -17.556771059489456 0.0 0.23 0.23 0.33 0.0 Cone_Yellow
20.65600438710241 -4.37990305886531 0.0 0.23 0.23 0.33 0.0 Cone_Yellow
5.8138300261017655 -7.110831734227606 0.0 0.23 0.23 0.33 0.0 Cone_Yellow
61.01283832376558 -17.07362919259428 0.0 0.23 0.23 0.33 0.0 Cone_Blue
34.33885684110416 -8.188234547355373 0.0 0.23 0.23 0.33 0.0 Cone_Blue
-6.628771579179286 -11.029523044442481 0.0 0.23 0.23 0.33 0.0 Cone_Blue
31.735184323604813 -13.102826718151883 0.0 0.23 0.23 0.33 0.0 Cone_Blue
-6.92717445230948 -7.679802776735281 0.0 0.23 0.23 0.33 0.0 Cone_Blue
1.2630218923877656 1.953984007369133 0.0 0.23 0.23 0.33 0.0 Cone_Blue
57.26047621891992 -4.6102362578413185 0.0 0.23 0.23 0.33 0.0 Cone_Blue
59.20505987332976 -7.4689379802102 0.0 0.23 0.23 0.33 0.0 Cone_Blue
-4.096772638165781 -17.368206594236945 0.0 0.23 0.23 0.33 0.0 Cone_Blue
23.57964216175692 6.260738066488308 0.0 0.23 0.23 0.33 0.0 Cone_Blue
59.196228162745356 -19.378619130632746 0.0 0.23 0.23 0.33 0.0 Cone_Blue
17.654109631841415 -3.5262375504300074 0.0 0.23 0.23 0.33 0.0 Cone_Blue
26.71405329987269 -23.803436173781936 0.0 0.23 0.23 0.33 0.0 Cone_Blue
-7.442977436208164 -3.978382325418057 0.0 0.23 0.23 0.33 0.0 Cone_Blue
43.26042353645883 6.376460942138497 0.0 0.23 0.23 0.33 0.0 Cone_Blue
28.819014951084235 -23.851819972258774 0.0 0.23 0.23 0.33 0.0 Cone_Blue
21.0841918258466 2.165187700353936 0.0 0.23 0.23 0.33 0.0 Cone_Blue
19.99176212894861 -24.056613549304153 0.0 0.23 0.23 0.33 0.0 Cone_Blue
3.7129433455472594 0.7437385562176679 0.0 0.23 0.23 0.33 0.0 Cone_Blue
51.67673333089475 -22.460998354428806 0.0 0.23 0.23 0.33 0.0 Cone_Blue
21.965796417953662 3.78219922599094 0.0 0.23 0.23 0.33 0.0 Cone_Blue
49.58685612202531 -21.730776454695036 0.0 0.23 0.23 0.33 0.0 Cone_Blue
-1.481063076673859 -20.107425629642158 0.0 0.23 0.23 0.33 0.0 Cone_Blue
47.03954966262216 -19.748978445360564 0.0 0.23 0.23 0.33 0.0 Cone_Blue
33.929092637088814 -19.242808680744417 0.0 0.23 0.23 0.33 0.0 Cone_Blue
56.54746975056513 -21.09203793175762 0.0 0.23 0.23 0.33 0.0 Cone_Blue
41.15503027246429 -10.698335625700365 0.0 0.23 0.23 0.33 0.0 Cone_Blue
31.724215713553058 -11.180979966684806 0.0 0.23 0.23 0.33 0.0 Cone_Blue
40.404562983375826 7.805823134101313 0.0 0.23 0.23 0.33 0.0 Cone_Blue
13.1054615943411 -7.713521110722208 0.0 0.23 0.23 0.33 0.0 Cone_Blue
33.24486398948703 -21.05195685837182 0.0 0.23 0.23 0.33 0.0 Cone_Blue
2.354347053929377 -23.0258187649627 0.0 0.23 0.23 0.33 0.0 Cone_Blue
55.00873727496611 -2.191613532074122 0.0 0.23 0.23 0.33 0.0 Cone_Blue
33.62647827916521 -17.31441892982246 0.0 0.23 0.23 0.33 0.0 Cone_Blue
14.35312801061604 -6.757523850122672 0.0 0.23 0.23 0.33 0.0 Cone_Blue
0.21024490674737706 -21.672061846996417 0.0 0.23 0.23 0.33 0.0 Cone_Blue
33.981229994213564 10.112367100823526 0.0 0.23 0.23 0.33 0.0 Cone_Blue
12.61646809752855 -24.15988157526358 0.0 0.23 0.23 0.33 0.0 Cone_Blue
4.564079788400015 -24.12273823602927 0.0 0.23 0.23 0.33 0.0 Cone_Blue
-6.871249364957183 -1.0058700112441166 0.0 0.23 0.23 0.33 0.0 Cone_Blue
25.799916120671547 8.52061266822139 0.0 0.23 0.23 0.33 0.0 Cone_Blue
53.688265172161934 -22.403599831169544 0.0 0.23 0.23 0.33 0.0 Cone_Blue
14.839172332414563 -24.02270602200644 0.0 0.23 0.23 0.33 0.0 Cone_Blue
31.025828450542527 10.194833817050977 0.0 0.23 0.23 0.33 0.0 Cone_Blue
42.335708280781915 -12.767821828598832 0.0 0.23 0.23 0.33 0.0 Cone_Blue
9.33615079130923 -24.234011643449996 0.0 0.23 0.23 0.33 0.0 Cone_Blue
8.970029570368569 -5.508774889703979 0.0 0.23 0.23 0.33 0.0 Cone_Blue
43.37537273237561 -15.07102336555165 0.0 0.23 0.23 0.33 0.0 Cone_Blue
32.46241343906136 -15.185668637395144 0.0 0.23 0.23 0.33 0.0 Cone_Blue
37.292093761267765 -7.486352888103113 0.0 0.23 0.23 0.33 0.0 Cone_Blue
35.43147301835026 -7.4837215404611666 0.0 0.23 0.23 0.33 0.0 Cone_Blue
19.335355542577716 -0.793569086913184 0.0 0.23 0.23 0.33 0.0 Cone_Blue
32.65161195748891 -9.908364073768196 0.0 0.23 0.23 0.33 0.0 Cone_Blue
37.29256687034044 9.198530715478686 0.0 0.23 0.23 0.33 0.0 Cone_Blue
7.004036435127125 -24.29707046235915 0.0 0.23 0.23 0.33 0.0 Cone_Blue
-5.953705978422462 -13.998305400189844 0.0 0.23 0.23 0.33 0.0 Cone_Blue
61.561242918467954 -13.766263299740867 0.0 0.23 0.23 0.33 0.0 Cone_Blue
16.777641377224175 -24.191849908109536 0.0 0.23 0.23 0.33 0.0 Cone_Blue
5.463514971931673 -1.1078140777673973 0.0 0.23 0.23 0.33 0.0 Cone_Blue
23.763863934156365 -23.918100551933218 0.0 0.23 0.23 0.33 0.0 Cone_Blue
11.95838872402766 -7.86907000638365 0.0 0.23 0.23 0.33 0.0 Cone_Blue
16.48926821218452 -4.931082707160503 0.0 0.23 0.23 0.33 0.0 Cone_Blue
28.645388380603112 9.782124444783719 0.0 0.23 0.23 0.33 0.0 Cone_Blue
45.248636631069104 -17.607794665265885 0.0 0.23 0.23 0.33 0.0 Cone_Blue
39.103546144301085 -8.670746798284672 0.0 0.23 0.23 0.33 0.0 Cone_Blue
52.536351588607985 0.14870038486268555 0.0 0.23 0.23 0.33 0.0 Cone_Blue
-4.707316284612084 2.049917383747843 0.0 0.23 0.23 0.33 0.0 Cone_Blue
10.697765523852404 -7.412768242862899 0.0 0.23 0.23 0.33 0.0 Cone_Blue
-1.687431393130428 2.515072668763576 0.0 0.23 0.23 0.33 0.0 Cone_Blue
47.11511330678786 4.116615865308688 0.0 0.23 0.23 0.33 0.0 Cone_Blue
7.328695079508199 -3.2954523948309564 0.0 0.23 0.23 0.33 0.0 Cone_Blue
31.4526490605014 -22.888882726784637 0.0 0.23 0.23 0.33 0.0 Cone_Blue
50.158865485262766 2.2258179571583625 0.0 0.23 0.23 0.33 0.0 Cone_Blue
60.70891089047551 -10.42903129780639 0.0 0.23 0.23 0.33 0.0 Cone_Blue
