-3.5148418955486083 -22.761592463347345 0.0 0.23 0.23 0.33 0.0 Cone_Yellow
-5.118409576416598 -20.849835163967775 0.0 0.23 0.23 0.33 0.0 Cone_Yellow
-7.544733500194962 -63.10590705148506 0.0 0.23 0.23 0.33 0.0 Cone_Yellow
-15.04534795905153 -34.143023710692724 0.0 0.23 0.23 0.33 0.0 Cone_Yellow
-15.513873112954101 -14.84600368793514 0.0 0.23 0.23 0.33 0.0 Cone_Yellow
-14.59154077811 -58.884218440382 0.0 0.23 0.23 0.33 0.0 Cone_Yellow
-10.624859928944177 -34.69348832701294 0.0 0.23 0.23 0.33 0.0 Cone_Yellow
0.2225252997217133 -44.930716044934286 0.0 0.23 0.23 0.33 0.0 Cone_Yellow
1.0433868302508493 -40.63157770646683 0.0 0.23 0.23 0.33 0.0 Cone_Yellow
4.531497828895493 -3.4610495041259384 0.0 0.23 0.23 0.33 0.0 Cone_Yellow
3.644455767085528 -27.8881428932283 0.0 0.23 0.23 0.33 0.0 Cone_Yellow
-13.262553173182777 -54.90424191108386 0.0 0.23 0.23 0.33 0.0 Cone_Yellow
-1.6916045609374635 -47.18831839137793 0.0 0.23 0.23 0.33 0.0 Cone_Yellow
-15.280195701678691 -12.76347024981331 0.0 0.23 0.23 0.33 0.0 Cone_Yellow
3.4391897907039883 -2.057297278595634 0.0 0.23 0.23 0.33 0.0 Cone_Yellow
-4.044405091070024 -13.809368168113195 0.0 0.23 0.23 0.33 0.0 Cone_Yellow
-6.288055292339784 -33.745576133476334 0.0 0.23 0.23 0.33 0.0 Cone_Yellow
-15.400609496640726 -32.27707309287731 0.0 0.23 0.23 0.33 0.0 Cone_Yellow
-14.830480236336744 -11.009429109733505 0.0 0.23 0.23 0.33 0.0 Cone_Yellow
-13.70823331830382 -60.84623991100723 0.0 0.23 0.23 0.33 0.0 Cone_Yellow
-14.595726444118494 -56.54211324462051 0.0 0.23 0.23 0.33 0.0 Cone_Yellow
-15.410015463474522 -25.32780735026563 0.0 0.23 0.23 0.33 0.0 Cone_Yellow
-11.756838374152217 -63.07731149630706 0.0 0.23 0.23 0.33 0.0 Cone_Yellow
11.586701276472532 -34.198714957149505 0.0 0.23 0.23 0.33 0.0 Cone_Yellow
-11.70474784910651 -5.637696764865602 0.0 0.23 0.23 0.33 0.0 Cone_Yellow
-15.525211443334083 -17.63860228912685 0.0 0.23 0.23 0.33 0.0 Cone_Yellow
-11.066924327922026 -52.98831959095341 0.0 0.23 0.23 0.33 0.0 Cone_Yellow
-4.31098322250026 -34.53037090847488 0.0 0.23 0.23 0.33 0.0 Cone_Yellow
-8.431243474037625 -33.9140765031988 0.0 0.23 0.23 0.33 0.0 Cone_Yellow
3.750380831090684 -6.66115338287166 0.0 0.23 0.23 0.33 0.0 Cone_Yellow
6.182055404806139 -29.542461280691622 0.0 0.23 0.23 0.33 0.0 Cone_Yellow
0.06944179173340714 -58.497576106611575 0.0 0.23 0.23 0.33 0.0 Cone_Yellow
-9.802469575537337 -63.54139579469904 0.0 0.23 0.23 0.33 0.0 Cone_Yellow
11.185293564099986 -42.17845183571798 0.0 0.23 0.23 0.33 0.0 Cone_Yellow
-15.512128603617917 -21.847150982140196 0.0 0.23 0.23 0.33 0.0 Cone_Yellow
-5.915697090806566 -18.838672392567084 0.0 0.23 0.23 0.33 0.0 Cone_Yellow
-10.091979935243906 -4.327062979274643 0.0 0.23 0.23 0.33 0.0 Cone_Yellow
9.758289321902318 -44.834653874868636 0.0 0.23 0.23 0.33 0.0 Cone_Yellow
-2.0011530426984194 -60.545024234448306 0.0 0.23 0.23 0.33 0.0 Cone_Yellow
-8.369069471586682 -51.413563842758954 0.0 0.23 0.23 0.33 0.0 Cone_Yellow
-0.13003319952919057 -38.48929112824125 0.0 0.23 0.23 0.33 0.0 Cone_Yellow
-2.0899407483557653 -36.3618941277699 0.0 0.23 0.23 0.33 0.0 Cone_Yellow
8.25932566926847 -47.14748189921244 0.0 0.23 0.23 0.33 0.0 Cone_Yellow
0.7978901488871095 -1.6970373465413537 0.0 0.23 0.23 0.33 0.0 Cone_Yellow
-15.528899950725135 -20.023862835108915 0.0 0.23 0.23 0.33 0.0 Cone_Yellow
-1.9850814323992818 -24.228576160929222 0.0 0.23 0.23 0.33 0.0 Cone_Yellow
8.452030306092372 -30.60883728135682 0.0 0.23 0.23 0.33 0.0 Cone_Yellow
1.938368568031759 -56.23661168916719 0.0 0.23 0.23 0.33 0.0 Cone_Yellow
1.1616532412066576 -42.78749275313757 0.0 0.23 0.23 0.33 0.0 Cone_Yellow
1.5128312638776862 -9.130381400212691 0.0 0.23 0.23 0.33 0.0 Cone_Yellow
-13.936210341710774 -35.14070079532114 0.0 0.23 0.23 0.33 0.0 Cone_Yellow
11.981389712909738 -36.524877000219774 0.0 0.23 0.23 0.33 0.0 Cone_Yellow
-13.0562296888229 -7.146061260841456 0.0 0.23 0.23 0.33 0.0 Cone_Yellow
-15.546310777261237 -29.480194384175284 0.0 0.23 0.23 0.33 0.0 Cone_Yellow
4.803688549233957 -5.076612152713942 0.0 0.23 0.23 0.33 0.0 Cone_Yellow
-6.40700883458382 -50.43682574337947 0.0 0.23 0.23 0.33 0.0 Cone_Yellow
-2.1085982469599465 -1.6978633939491843 0.0 0.23 0.23 0.33 0.0 Cone_Yellow
-5.727295840505089 -16.30832774325195 0.0 0.23 0.23 0.33 0.0 Cone_Yellow
12.03188943690379 -39.43274129060381 0.0 0.23 0.23 0.33 0.0 Cone_Yellow
-5.123472788730309 -2.4898407127244937 0.0 0.23 0.23 0.33 0.0 Cone_Yellow
-14.122309537804751 -9.011617434353102 0.0 0.23 0.23 0.33 0.0 Cone_Yellow
3.756672937625865 -53.3495969314073 0.0 0.23 0.23 0.33 0.0 Cone_Yellow
5.8495929120644625 -50.32256952690021 0.0 0.23 0.23 0.33 0.0 Cone_Yellow
10.267295746945585 -32.315339920157484 0.0 0.23 0.23 0.33 0.0 Cone_Yellow
-4.791754303200399 -62.15499662279369 0.0 0.23 0.23 0.33 0.0 Cone_Yellow
-4.113424885735496 -49.165769401917046 0.0 0.23 0.23 0.33 0.0 Cone_Yellow
-7.585954928133518 -2.8847855406370435 0.0 0.23 0.23 0.33 0.0 Cone_Yellow
-12.468576971377402 -35.43189974344939 0.0 0.23 0.23 0.33 0.0 Cone_Yellow
0.9310422523973649 -26.331836766617034 0.0 0.23 0.23 0.33 0.0 Cone_Yellow
-1.4421122272059588 -11.428271790135751 0.0 0.23 0.23 0.33 0.0 Cone_Yellow
-12.7296747633703 -66.37168615650158 0.0 0.23 0.23 0.33 0.0 Cone_Blue
-3.2052876546598643 -39.91913285171765 0.0 0.23 0.23 0.33 0.0 Cone_Blue
-5.060400285636527 1.1049826881996694 0.0 0.23 0.23 0.33 0.0 Cone_Blue
-8.055834512146298 -37.19800772284831 0.0 0.23 0.23 0.33 0.0 Cone_Blue
-1.7044718739154128 1.3227317226033968 0.0 0.23 0.23 0.33 0.0 Cone_Blue
7.729537233822871 -7.0968072268514995 0.0 0.23 0.23 0.33 0.0 Cone_Blue
-0.17963552242269643 -62.9201792591295 0.0 0.23 0.23 0.33 0.0 Cone_Blue
-3.0842813968080343 -64.79544283284092 0.0 0.23 0.23 0.33 0.0 Cone_Blue
-11.458149778043918 -1.273825671910373 0.0 0.23 0.23 0.33 0.0 Cone_Blue
11.49828575885951 -29.51055758969778 0.0 0.23 0.23 0.33 0.0 Cone_Blue
-14.99030475736176 -64.50016187884802 0.0 0.23 0.23 0.33 0.0 Cone_Blue
1.8566624124476974 -23.351342807343848 0.0 0.23 0.23 0.33 0.0 Cone_Blue
-18.63258006698516 -31.920958078624665 0.0 0.23 0.23 0.33 0.0 Cone_Blue
2.008283887697406 1.7493588786061558 0.0 0.23 0.23 0.33 0.0 Cone_Blue
11.140612759799524 -49.188428849783456 0.0 0.23 0.23 0.33 0.0 Cone_Blue
-18.731578432112986 -34.02414705461524 0.0 0.23 0.23 0.33 0.0 Cone_Blue
7.4639408029574135 -26.91732293827774 0.0 0.23 0.23 0.33 0.0 Cone_Blue
-18.723999570051372 -25.194522183990774 0.0 0.23 0.23 0.33 0.0 Cone_Blue
6.460716355290636 -9.516911100011622 0.0 0.23 0.23 0.33 0.0 Cone_Blue
-17.89093329235781 -56.908704949675325 0.0 0.23 0.23 0.33 0.0 Cone_Blue
9.059280176359465 -27.83756487089128 0.0 0.23 0.23 0.33 0.0 Cone_Blue
-17.110656887130038 -54.836995630671446 0.0 0.23 0.23 0.33 0.0 Cone_Blue
-14.259489459409304 -3.822894800752156 0.0 0.23 0.23 0.33 0.0 Cone_Blue
-15.068164348632502 -52.33809231559481 0.0 0.23 0.23 0.33 0.0 Cone_Blue
-14.246808140075476 -39.24360243520492 0.0 0.23 0.23 0.33 0.0 Cone_Blue
-16.63951991090762 -61.81095855974803 0.0 0.23 0.23 0.33 0.0 Cone_Blue
-5.878605269797072 -46.67296143989529 0.0 0.23 0.23 0.33 0.0 Cone_Blue
-6.134279917453121 -37.23326656776079 0.0 0.23 0.23 0.33 0.0 Cone_Blue
12.638250642786371 -46.367773509989 0.0 0.23 0.23 0.33 0.0 Cone_Blue
-2.220005663463658 -18.70329805904441 0.0 0.23 0.23 0.33 0.0 Cone_Blue
-16.038975870627457 -38.51605807478442 0.0 0.23 0.23 0.33 0.0 Cone_Blue
-17.26928766032231 -7.587002152037563 0.0 0.23 0.23 0.33 0.0 Cone_Blue
2.292446369294975 -60.72726446781695 0.0 0.23 0.23 0.33 0.0 Cone_Blue
-12.311697771626172 -38.98745727518359 0.0 0.23 0.23 0.33 0.0 Cone_Blue
-1.294293852817491 -19.973597193974587 0.0 0.23 0.23 0.33 0.0 Cone_Blue
-15.864352401352164 -5.47608085350592 0.0 0.23 0.23 0.33 0.0 Cone_Blue
15.0986214304668 -40.001775760444026 0.0 0.23 0.23 0.33 0.0 Cone_Blue
-18.64984705817654 -17.818877958564187 0.0 0.23 0.23 0.33 0.0 Cone_Blue
-18.41903832097884 -9.769712508936966 0.0 0.23 0.23 0.33 0.0 Cone_Blue
4.966185068700419 1.1063013004741187 0.0 0.23 0.23 0.33 0.0 Cone_Blue
13.704104541368547 -31.784543774115583 0.0 0.23 0.23 0.33 0.0 Cone_Blue
-17.881932762730997 -58.92103542188174 0.0 0.23 0.23 0.33 0.0 Cone_Blue
-18.566171698391493 -20.044238532124446 0.0 0.23 0.23 0.33 0.0 Cone_Blue
15.25214764426001 -37.04921267978058 0.0 0.23 0.23 0.33 0.0 Cone_Blue
-7.975890469999976 -47.803522580356905 0.0 0.23 0.23 0.33 0.0 Cone_Blue
-18.645057448739557 -14.537726642923174 0.0 0.23 0.23 0.33 0.0 Cone_Blue
0.08356820541972709 -14.622090963761286 0.0 0.23 0.23 0.33 0.0 Cone_Blue
-10.303431732588407 -48.78748963401149 0.0 0.23 0.23 0.33 0.0 Cone_Blue
-10.15556520661881 -37.87492991750191 0.0 0.23 0.23 0.33 0.0 Cone_Blue
-2.5746403347355873 -42.888397091909894 0.0 0.23 0.23 0.33 0.0 Cone_Blue
-2.527258075196457 -41.02837789995347 0.0 0.23 0.23 0.33 0.0 Cone_Blue
4.5481029907800234 -25.097828523624713 0.0 0.23 0.23 0.33 0.0 Cone_Blue
-4.884337927420448 -38.191003497049536 0.0 0.23 0.23 0.33 0.0 Cone_Blue
14.105405094711095 -43.29017509093383 0.0 0.23 0.23 0.33 0.0 Cone_Blue
-18.652005981926685 -12.204770256095626 0.0 0.23 0.23 0.33 0.0 Cone_Blue
-8.04456048407961 0.50151756812215 0.0 0.23 0.23 0.33 0.0 Cone_Blue
-9.43645589743351 -66.99948090778477 0.0 0.23 0.23 0.33 0.0 Cone_Blue
-18.78189073405076 -21.978078543486657 0.0 0.23 0.23 0.33 0.0 Cone_Blue
4.567594589322265 -11.222442734058905 0.0 0.23 0.23 0.33 0.0 Cone_Blue
-18.676253282590448 -28.968864268556768 0.0 0.23 0.23 0.33 0.0 Cone_Blue
-2.347920149287095 -17.552815763193173 0.0 0.23 0.23 0.33 0.0 Cone_Blue
0.4802404457059879 -22.15304901331489 0.0 0.23 0.23 0.33 0.0 Cone_Blue
14.896812039310902 -34.65953475997929 0.0 0.23 0.23 0.33 0.0 Cone_Blue
-12.884524932405448 -50.599197158713096 0.0 0.23 0.23 0.33 0.0 Cone_Blue
-3.8022606849565843 -44.67083838019839 0.0 0.23 0.23 0.33 0.0 Cone_Blue
4.6915491044321875 -58.31188328088729 0.0 0.23 0.23 0.33 0.0 Cone_Blue
7.969041505175312 -1.1305036086596445 0.0 0.23 0.23 0.33 0.0 Cone_Blue
-1.8614298651814192 -16.303532226247686 0.0 0.23 0.23 0.33 0.0 Cone_Blue
8.361427915959059 -4.160702793797395 0.0 0.23 0.23 0.33 0.0 Cone_Blue
8.788708390892179 -52.98764966940762 0.0 0.23 0.23 0.33 0.0 Cone_Blue
2.3357278023975745 -13.034466157032885 0.0 0.23 0.23 0.33 0.0 Cone_Blue
-17.832263956370053 -36.680179854624704 0.0 0.23 0.23 0.33 0.0 Cone_Blue
6.825249109447618 -55.98504382159141 0.0 0.23 0.23 0.33 0.0 Cone_Blue
-6.079689027851458 -66.2276625975889 0.0 0.23 0.23 0.33 0.0 Cone_Blue
