-2.304916426138031 -17.202876482313837 0.0 0.23 0.23 0.33 0.0 Cone_Yellow
0.12701528313089572 -17.761404404899395 0.0 0.23 0.23 0.33 0.0 Cone_Yellow
-23.412152290614042 17.414869546178522 0.0 0.23 0.23 0.33 0.0 Cone_Yellow
0.03302228146254027 -1.1709212079865514 0.0 0.23 0.23 0.33 0.0 Cone_Yellow
12.04045312449281 -16.28436231609929 0.0 0.23 0.23 0.33 0.0 Cone_Yellow
-15.244803806460691 18.294964018148185 0.0 0.23 0.23 0.33 0.0 Cone_Yellow
-3.825671788647642 -3.3967257347677022 0.0 0.23 0.23 0.33 0.0 Cone_Yellow
-18.651864032869074 -1.768652890867882 0.0 0.23 0.23 0.33 0.0 Cone_Yellow
-16.714950790788702 -5.693544124805072 0.0 0.23 0.23 0.33 0.0 Cone_Yellow
2.911153009405436 -37.4524977411302 0.0 0.23 0.23 0.33 0.0 Cone_Yellow
-11.107529455040801 -17.428854790348836 0.0 0.23 0.23 0.33 0.0 Cone_Yellow
-13.905706566468165 14.31837756622001 0.0 0.23 0.23 0.33 0.0 Cone_Yellow
-18.485742054191096 1.186523071124073 0.0 0.23 0.23 0.33 0.0 Cone_Yellow
13.109516408091473 -18.086764698781124 0.0 0.23 0.23 0.33 0.0 Cone_Yellow
4.628920412335778 -37.913943632225774 0.0 0.23 0.23 0.33 0.0 Cone_Yellow
3.5146303190499006 -24.026045298252953 0.0 0.23 0.23 0.33 0.0 Cone_Yellow
-6.714271357976348 -6.76754232882956 0.0 0.23 0.23 0.33 0.0 Cone_Yellow
1.4413920013255366 -2.445471011010743 0.0 0.23 0.23 0.33 0.0 Cone_Yellow
13.808177612152242 -19.757326533254947 0.0 0.23 0.23 0.33 0.0 Cone_Yellow
-17.132387164899743 19.32781898603458 0.0 0.23 0.23 0.33 0.0 Cone_Yellow
-13.829475834012474 16.428866218401744 0.0 0.23 0.23 0.33 0.0 Cone_Yellow
5.6384107493779405 -7.984190760388299 0.0 0.23 0.23 0.33 0.0 Cone_Yellow
-20.034334269829216 19.931412928171305 0.0 0.23 0.23 0.33 0.0 Cone_Yellow
-21.24862116615419 -17.182192243317303 0.0 0.23 0.23 0.33 0.0 Cone_Yellow
14.552812981873629 -25.92751530732336 0.0 0.23 0.23 0.33 0.0 Cone_Yellow
10.365921152858853 -14.0494846502998 0.0 0.23 0.23 0.33 0.0 Cone_Yellow
-14.502408367569416 11.466099297278214 0.0 0.23 0.23 0.33 0.0 Cone_Yellow
-8.764785577631073 -7.333323420063894 0.0 0.23 0.23 0.33 0.0 Cone_Yellow
-5.105937822755117 -5.341039193099151 0.0 0.23 0.23 0.33 0.0 Cone_Yellow
1.6051066175165696 -34.42841913413979 0.0 0.23 0.23 0.33 0.0 Cone_Yellow
-14.129465044540868 -17.638822743551014 0.0 0.23 0.23 0.33 0.0 Cone_Yellow
-26.70880151192213 9.147797308358175 0.0 0.23 0.23 0.33 0.0 Cone_Yellow
-21.87338774206506 19.123443892087217 0.0 0.23 0.23 0.33 0.0 Cone_Yellow
-25.739118714567457 -10.573655297030914 0.0 0.23 0.23 0.33 0.0 Cone_Yellow
7.818269071465405 -10.6996306035791 0.0 0.23 0.23 0.33 0.0 Cone_Yellow
1.9755945249253042 -18.885325158545776 0.0 0.23 0.23 0.33 0.0 Cone_Yellow
14.05622874240285 -27.945480955451806 0.0 0.23 0.23 0.33 0.0 Cone_Yellow
-26.201948606520613 -7.594135390879437 0.0 0.23 0.23 0.33 0.0 Cone_Yellow
-26.29114979480593 12.029632461129383 0.0 0.23 0.23 0.33 0.0 Cone_Yellow
-15.705484918769923 8.58323903284028 0.0 0.23 0.23 0.33 0.0 Cone_Yellow
-14.487227816870469 -6.6953208968513085 0.0 0.23 0.23 0.33 0.0 Cone_Yellow
-11.640991483076352 -7.211067278081584 0.0 0.23 0.23 0.33 0.0 Cone_Yellow
-26.400356115459086 -4.8451901454254145 0.0 0.23 0.23 0.33 0.0 Cone_Yellow
6.953440865856948 -36.609008508295304 0.0 0.23 0.23 0.33 0.0 Cone_Yellow
8.93085836649625 -12.144208744688584 0.0 0.23 0.23 0.33 0.0 Cone_Yellow
-4.4098205792083 -16.95470970376889 0.0 0.23 0.23 0.33 0.0 Cone_Yellow
-16.583425657867814 -18.15653032076444 0.0 0.23 0.23 0.33 0.0 Cone_Yellow
-26.836831841988914 6.217190608936097 0.0 0.23 0.23 0.33 0.0 Cone_Yellow
-18.10904801471325 -4.044771986919564 0.0 0.23 0.23 0.33 0.0 Cone_Yellow
1.9016821367416883 -31.109419581751546 0.0 0.23 0.23 0.33 0.0 Cone_Yellow
-1.453361272260734 -1.0436036891058347 0.0 0.23 0.23 0.33 0.0 Cone_Yellow
-22.965895531076075 -15.564237494858556 0.0 0.23 0.23 0.33 0.0 Cone_Yellow
14.72172697391387 -23.909314455302756 0.0 0.23 0.23 0.33 0.0 Cone_Yellow
3.2437965434728118 -4.589088803624909 0.0 0.23 0.23 0.33 0.0 Cone_Yellow
1.7200121410521527 -36.3276360200775 0.0 0.23 0.23 0.33 0.0 Cone_Yellow
-16.682044464657015 6.621089519833607 0.0 0.23 0.23 0.33 0.0 Cone_Yellow
9.271850614597035 -34.85611041813294 0.0 0.23 0.23 0.33 0.0 Cone_Yellow
3.350753483177934 -21.017712767534917 0.0 0.23 0.23 0.33 0.0 Cone_Yellow
-24.759254670336066 -13.27467684900381 0.0 0.23 0.23 0.33 0.0 Cone_Yellow
11.199772422454611 -32.406658626638205 0.0 0.23 0.23 0.33 0.0 Cone_Yellow
14.447595643227025 -21.778193132039238 0.0 0.23 0.23 0.33 0.0 Cone_Yellow
-26.547045765522224 2.8176157793589525 0.0 0.23 0.23 0.33 0.0 Cone_Yellow
-26.391948900011766 -0.859224425130467 0.0 0.23 0.23 0.33 0.0 Cone_Yellow
-19.06051576079278 -17.88938897431877 0.0 0.23 0.23 0.33 0.0 Cone_Yellow
-25.035307719444422 14.996504074142232 0.0 0.23 0.23 0.33 0.0 Cone_Yellow
-17.745669922759685 4.224255683610826 0.0 0.23 0.23 0.33 0.0 Cone_Yellow
12.92633399317183 -30.606996200932443 0.0 0.23 0.23 0.33 0.0 Cone_Yellow
-2.7998509282072037 -1.6960683575257045 0.0 0.23 0.23 0.33 0.0 Cone_Yellow
-8.004411620879754 -17.03469572508233 0.0 0.23 0.23 0.33 0.0 Cone_Yellow
2.8739165753390834 -27.49462339441213 0.0 0.23 0.23 0.33 0.0 Cone_Yellow
-21.244252757189702 23.146286533130287 0.0 0.23 0.23 0.33 0.0 Cone_Blue
-12.895682876444585 -3.700555126277626 0.0 0.23 0.23 0.33 0.0 Cone_Blue
13.31666736347147 -35.31277101833536 0.0 0.23 0.23 0.33 0.0 Cone_Blue
-7.385242030945846 -2.947316470939989 0.0 0.23 0.23 0.33 0.0 Cone_Blue
10.770453846267362 -37.50969315427642 0.0 0.23 0.23 0.33 0.0 Cone_Blue
-1.8322600357363692 -36.47975782881788 0.0 0.23 0.23 0.33 0.0 Cone_Blue
-29.17633951734233 12.826481087224673 0.0 0.23 0.23 0.33 0.0 Cone_Blue
-27.9894447781581 16.07376641570591 0.0 0.23 0.23 0.33 0.0 Cone_Blue
16.986921137149057 -29.55784573484697 0.0 0.23 0.23 0.33 0.0 Cone_Blue
-18.351723385289997 -20.869280532600705 0.0 0.23 0.23 0.33 0.0 Cone_Blue
-18.31234691405024 23.01598220263743 0.0 0.23 0.23 0.33 0.0 Cone_Blue
-6.946051948728955 -19.970677967249404 0.0 0.23 0.23 0.33 0.0 Cone_Blue
4.234673489140475 -0.7811302403814073 0.0 0.23 0.23 0.33 0.0 Cone_Blue
8.06547647209614 -40.088387296831904 0.0 0.23 0.23 0.33 0.0 Cone_Blue
-29.929586060984615 -4.953890397089738 0.0 0.23 0.23 0.33 0.0 Cone_Blue
3.0457054696188823 0.9565577619887504 0.0 0.23 0.23 0.33 0.0 Cone_Blue
-13.5695811989813 -20.506070826693872 0.0 0.23 0.23 0.33 0.0 Cone_Blue
8.362788011042838 -6.09262417939884 0.0 0.23 0.23 0.33 0.0 Cone_Blue
-2.2789578159984254 -33.78397032387746 0.0 0.23 0.23 0.33 0.0 Cone_Blue
-11.421441310640049 18.707933436617303 0.0 0.23 0.23 0.33 0.0 Cone_Blue
-15.397191686535962 -20.733651222702328 0.0 0.23 0.23 0.33 0.0 Cone_Blue
-10.795001189989712 16.58463799173868 0.0 0.23 0.23 0.33 0.0 Cone_Blue
17.68517606919714 -25.835252890621717 0.0 0.23 0.23 0.33 0.0 Cone_Blue
-10.918062350342542 13.35955667513103 0.0 0.23 0.23 0.33 0.0 Cone_Blue
-3.679076946828231 2.4170989266782215 0.0 0.23 0.23 0.33 0.0 Cone_Blue
-15.37529584980988 21.864697633042127 0.0 0.23 0.23 0.33 0.0 Cone_Blue
-14.834498521402026 3.2995749842815147 0.0 0.23 0.23 0.33 0.0 Cone_Blue
-8.93958842746299 -4.077636127570447 0.0 0.23 0.23 0.33 0.0 Cone_Blue
-29.423966183529014 -8.107200453838056 0.0 0.23 0.23 0.33 0.0 Cone_Blue
-0.8913562977377127 -21.22135904458947 0.0 0.23 0.23 0.33 0.0 Cone_Blue
-1.8106011338459025 2.9170830335371747 0.0 0.23 0.23 0.33 0.0 Cone_Blue
17.817235267623037 -21.01758231965787 0.0 0.23 0.23 0.33 0.0 Cone_Blue
-29.826615277564155 9.58654195245938 0.0 0.23 0.23 0.33 0.0 Cone_Blue
-5.068559487318088 1.04611360554739 0.0 0.23 0.23 0.33 0.0 Cone_Blue
-2.3957517845768725 -20.765951021216882 0.0 0.23 0.23 0.33 0.0 Cone_Blue
17.96893841797277 -23.548751607687812 0.0 0.23 0.23 0.33 0.0 Cone_Blue
-27.549065566571503 -14.669524694274156 0.0 0.23 0.23 0.33 0.0 Cone_Blue
12.750192043108255 -12.021900036913149 0.0 0.23 0.23 0.33 0.0 Cone_Blue
17.418656494410346 -18.582980494853594 0.0 0.23 0.23 0.33 0.0 Cone_Blue
5.317868543095908 -41.35856567559101 0.0 0.23 0.23 0.33 0.0 Cone_Blue
-21.482531560907244 -20.38483256255551 0.0 0.23 0.23 0.33 0.0 Cone_Blue
-12.641798981269137 20.308021588764177 0.0 0.23 0.23 0.33 0.0 Cone_Blue
11.341826155090406 -10.296867639055268 0.0 0.23 0.23 0.33 0.0 Cone_Blue
-25.891538506826794 -17.11774917128449 0.0 0.23 0.23 0.33 0.0 Cone_Blue
-13.842787168945133 5.465973446411722 0.0 0.23 0.23 0.33 0.0 Cone_Blue
14.724483346078227 -14.642615730670947 0.0 0.23 0.23 0.33 0.0 Cone_Blue
-0.26879227809625217 -25.86626140798093 0.0 0.23 0.23 0.33 0.0 Cone_Blue
-12.578991314061845 7.654228351332362 0.0 0.23 0.23 0.33 0.0 Cone_Blue
-6.11809357482957 -1.1413742135334024 0.0 0.23 0.23 0.33 0.0 Cone_Blue
-15.188922265331307 -1.7117617042574924 0.0 0.23 0.23 0.33 0.0 Cone_Blue
-14.105373074121307 -3.2243216611495917 0.0 0.23 0.23 0.33 0.0 Cone_Blue
-10.146292788523699 -20.199857615509814 0.0 0.23 0.23 0.33 0.0 Cone_Blue
-10.514232320348395 -4.067071338459557 0.0 0.23 0.23 0.33 0.0 Cone_Blue
-28.739121796092075 -11.44713194711296 0.0 0.23 0.23 0.33 0.0 Cone_Blue
16.136500083543485 -16.49974860638848 0.0 0.23 0.23 0.33 0.0 Cone_Blue
15.333732725212563 -33.032238280664984 0.0 0.23 0.23 0.33 0.0 Cone_Blue
-24.25018845315136 21.661777408724433 0.0 0.23 0.23 0.33 0.0 Cone_Blue
10.348078021891775 -8.623925159573265 0.0 0.23 0.23 0.33 0.0 Cone_Blue
-1.7967691976999367 -31.281922700049613 0.0 0.23 0.23 0.33 0.0 Cone_Blue
6.049250895744459 -3.110094398251779 0.0 0.23 0.23 0.33 0.0 Cone_Blue
-0.09570822739838913 -22.062141880353806 0.0 0.23 0.23 0.33 0.0 Cone_Blue
-5.125472607292367 -20.096917061319907 0.0 0.23 0.23 0.33 0.0 Cone_Blue
-24.167369425630298 -18.810104019410744 0.0 0.23 0.23 0.33 0.0 Cone_Blue
-11.611923158417007 10.655745541611283 0.0 0.23 0.23 0.33 0.0 Cone_Blue
-15.284062801699772 0.4504355459516063 0.0 0.23 0.23 0.33 0.0 Cone_Blue
-30.2845468207766 6.213107661762779 0.0 0.23 0.23 0.33 0.0 Cone_Blue
1.5735687352086485 -41.38429364206753 0.0 0.23 0.23 0.33 0.0 Cone_Blue
0.2693086412906842 -23.35215925922305 0.0 0.23 0.23 0.33 0.0 Cone_Blue
-0.566312917977279 -39.20324327416323 0.0 0.23 0.23 0.33 0.0 Cone_Blue
-30.343588666014174 -0.5048304020143828 0.0 0.23 0.23 0.33 0.0 Cone_Blue
-1.1085176943145845 -28.490692127690586 0.0 0.23 0.23 0.33 0.0 Cone_Blue
0.7269514451679457 2.533471372526586 0.0 0.23 0.23 0.33 0.0 Cone_Blue
-30.584109186754954 3.0703190959141953 0.0 0.23 0.23 0.33 0.0 Cone_Blue
-26.463038345129686 19.022292103546775 0.0 0.23 0.23 0.33 0.0 Cone_Blue
