6.484764328577862 -12.250931342477964 0.0 0.23 0.23 0.33 0.0 Cone_Yellow
8.882424347578748 -12.941924621852007 0.0 0.23 0.23 0.33 0.0 Cone_Yellow
-12.69318424488776 23.471751009850074 0.0 0.23 0.23 0.33 0.0 Cone_Yellow
9.69797136905012 3.6287678937666263 0.0 0.23 0.23 0.33 0.0 Cone_Yellow
20.858914298977847 -12.120132083483943 0.0 0.23 0.23 0.33 0.0 Cone_Yellow
-4.489872989169136 23.902833348845547 0.0 0.23 0.23 0.33 0.0 Cone_Yellow
5.72307231075532 1.6178220480238612 0.0 0.23 0.23 0.33 0.0 Cone_Yellow
-8.991587620526335 4.056137194675351 0.0 0.23 0.23 0.33 0.0 Cone_Yellow
-7.272727290793483 0.03097592182503428 0.0 0.23 0.23 0.33 0.0 Cone_Yellow
10.583019236780137 -32.756024568047906 0.0 0.23 0.23 0.33 0.0 Cone_Yellow
-2.317001349952587 -11.994059248714082 0.0 0.23 0.23 0.33 0.0 Cone_Yellow
-3.3707635252672503 19.85882355216855 0.0 0.23 0.23 0.33 0.0 Cone_Yellow
-8.663728963139768 6.997764325858306 0.0 0.23 0.23 0.33 0.0 Cone_Yellow
21.827572556611802 -13.97842480352389 0.0 0.23 0.23 0.33 0.0 Cone_Yellow
12.272910156405064 -33.31093522819804 0.0 0.23 0.23 0.33 0.0 Cone_Yellow
11.921553261568516 -19.38283733655429 0.0 0.23 0.23 0.33 0.0 Cone_Yellow
2.6540460295963264 -1.5895896293702596 0.0 0.23 0.23 0.33 0.0 Cone_Yellow
11.034359899484869 2.278935250829575 0.0 0.23 0.23 0.33 0.0 Cone_Yellow
22.43361238450866 -15.684771792815027 0.0 0.23 0.23 0.33 0.0 Cone_Yellow
-6.318003064129538 25.03760237766548 0.0 0.23 0.23 0.33 0.0 Cone_Yellow
-3.178962063346031 21.961960655346434 0.0 0.23 0.23 0.33 0.0 Cone_Yellow
14.92146662268215 -3.481514745144947 0.0 0.23 0.23 0.33 0.0 Cone_Yellow
-9.18250156663791 25.799357571884745 0.0 0.23 0.23 0.33 0.0 Cone_Yellow
-12.429325820528035 -11.191888875836963 0.0 0.23 0.23 0.33 0.0 Cone_Yellow
22.838912547453344 -21.8865008355415 0.0 0.23 0.23 0.33 0.0 Cone_Yellow
19.309403549214494 -9.796825831290422 0.0 0.23 0.23 0.33 0.0 Cone_Yellow
-4.122914368979085 17.04354142221804 0.0 0.23 0.23 0.33 0.0 Cone_Yellow
0.5756016464667404 -2.042122229788864 0.0 0.23 0.23 0.33 0.0 Cone_Yellow
4.338154553415627 -0.25339112736350566 0.0 0.23 0.23 0.33 0.0 Cone_Yellow
9.444699708641593 -29.664902239365095 0.0 0.23 0.23 0.33 0.0 Cone_Yellow
-5.3459029133586675 -12.038065698868909 0.0 0.23 0.23 0.33 0.0 Cone_Yellow
-16.438032405538443 15.397811963302704 0.0 0.23 0.23 0.33 0.0 Cone_Yellow
-11.063078527961867 25.09341003165892 0.0 0.23 0.23 0.33 0.0 Cone_Yellow
-16.55082864182893 -4.347143205123796 0.0 0.23 0.23 0.33 0.0 Cone_Yellow
16.949202227261853 -6.31235987765959 0.0 0.23 0.23 0.33 0.0 Cone_Yellow
10.66661722269587 -14.165484533769495 0.0 0.23 0.23 0.33 0.0 Cone_Yellow
22.23246115674185 -23.874212578883913 0.0 0.23 0.23 0.33 0.0 Cone_Yellow
-16.849641860653165 -1.3467330597779692 0.0 0.23 0.23 0.33 0.0 Cone_Yellow
-15.863042308857658 18.252421077223026 0.0 0.23 0.23 0.33 0.0 Cone_Yellow
-5.482204648623913 14.230961391714597 0.0 0.23 0.23 0.33 0.0 Cone_Yellow
-5.103265445998545 -1.0914062116363783 0.0 0.23 0.23 0.33 0.0 Cone_Yellow
-2.289578638239753 -1.7623921618663654 0.0 0.23 0.23 0.33 0.0 Cone_Yellow
-16.897069070785427 1.4089549054761705 0.0 0.23 0.23 0.33 0.0 Cone_Yellow
14.665465164399496 -32.13537938085327 0.0 0.23 0.23 0.33 0.0 Cone_Yellow
17.980935007161957 -7.815752180442923 0.0 0.23 0.23 0.33 0.0 Cone_Yellow
4.3966279134963955 -11.887758442061973 0.0 0.23 0.23 0.33 0.0 Cone_Yellow
-7.824552006513972 -12.420482356801756 0.0 0.23 0.23 0.33 0.0 Cone_Yellow
-16.726509931613506 12.478629182272336 0.0 0.23 0.23 0.33 0.0 Cone_Yellow
-8.57435198048266 1.7536859379372172 0.0 0.23 0.23 0.33 0.0 Cone_Yellow
9.922758577942435 -26.367149249094325 0.0 0.23 0.23 0.33 0.0 Cone_Yellow
8.220801353035398 3.8373693395431174 0.0 0.23 0.23 0.33 0.0 Cone_Yellow
-14.055331011728764 -9.48223512999649 0.0 0.23 0.23 0.33 0.0 Cone_Yellow
23.118199217109492 -19.880593167687355 0.0 0.23 0.23 0.33 0.0 Cone_Yellow
12.71655333303707 0.03974239926921275 0.0 0.23 0.23 0.33 0.0 Cone_Yellow
9.455327892108462 -31.56756224601003 0.0 0.23 0.23 0.33 0.0 Cone_Yellow
-6.564850197437455 12.325291463922863 0.0 0.23 0.23 0.33 0.0 Cone_Yellow
17.076473511782282 -30.512199099307672 0.0 0.23 0.23 0.33 0.0 Cone_Yellow
11.922822988746127 -16.37004484112672 0.0 0.23 0.23 0.33 0.0 Cone_Yellow
-15.720492860033396 -7.097814661126783 0.0 0.23 0.23 0.33 0.0 Cone_Yellow
19.135762223903388 -28.17210795232211 0.0 0.23 0.23 0.33 0.0 Cone_Yellow
22.961296334690612 -17.737649499174058 0.0 0.23 0.23 0.33 0.0 Cone_Yellow
-16.62350545884042 9.068280949232612 0.0 0.23 0.23 0.33 0.0 Cone_Yellow
-16.670185856723982 5.388467113249275 0.0 0.23 0.23 0.33 0.0 Cone_Yellow
-10.283274729724635 -12.01796223636406 0.0 0.23 0.23 0.33 0.0 Cone_Yellow
-14.446460796661988 21.145993835191142 0.0 0.23 0.23 0.33 0.0 Cone_Yellow
-7.75825775491807 9.990363209064768 0.0 0.23 0.23 0.33 0.0 Cone_Yellow
20.958375566463538 -26.469791792645427 0.0 0.23 0.23 0.33 0.0 Cone_Yellow
6.840571557050305 3.259692745433537 0.0 0.23 0.23 0.33 0.0 Cone_Yellow
0.803056745208135 -11.77058857000616 0.0 0.23 0.23 0.33 0.0 Cone_Yellow
11.09167449015483 -22.81108022982951 0.0 0.23 0.23 0.33 0.0 Cone_Yellow
-10.214379384541765 29.075718847879287 0.0 0.23 0.23 0.33 0.0 Cone_Blue
-3.3499567753809956 1.8116173886005096 0.0 0.23 0.23 0.33 0.0 Cone_Blue
21.090177492713202 -31.189887662891053 0.0 0.23 0.23 0.33 0.0 Cone_Blue
2.1934878173245203 2.261671642263004 0.0 0.23 0.23 0.33 0.0 Cone_Blue
18.42736891983387 -33.24393747990647 0.0 0.23 0.23 0.33 0.0 Cone_Blue
5.900057878989228 -31.52473939585425 0.0 0.23 0.23 0.33 0.0 Cone_Blue
-18.700215467740065 19.206221860645265 0.0 0.23 0.23 0.33 0.0 Cone_Blue
-17.337106901270076 22.383566060207038 0.0 0.23 0.23 0.33 0.0 Cone_Blue
25.070366483222273 -25.644797638233303 0.0 0.23 0.23 0.33 0.0 Cone_Blue
-9.738889190035621 -15.032225780725819 0.0 0.23 0.23 0.33 0.0 Cone_Blue
-7.294024061134515 28.78489952832261 0.0 0.23 0.23 0.33 0.0 Cone_Blue
1.6988908930979996 -14.760170163043888 0.0 0.23 0.23 0.33 0.0 Cone_Blue
13.914671819555638 3.7876615063335106 0.0 0.23 0.23 0.33 0.0 Cone_Blue
15.585108548487067 -35.67048277251894 0.0 0.23 0.23 0.33 0.0 Cone_Blue
-20.42695136526762 1.4938709829125192 0.0 0.23 0.23 0.33 0.0 Cone_Blue
12.822741810920961 5.587909656247673 0.0 0.23 0.23 0.33 0.0 Cone_Blue
-4.944027534490459 -14.931692777582487 0.0 0.23 0.23 0.33 0.0 Cone_Blue
17.74543317487837 -1.7421273511841118 0.0 0.23 0.23 0.33 0.0 Cone_Blue
5.601799874091984 -28.808519349319244 0.0 0.23 0.23 0.33 0.0 Cone_Blue
-0.649621999977068 24.105606263821628 0.0 0.23 0.23 0.33 0.0 Cone_Blue
-6.781365013494231 -15.058751500680238 0.0 0.23 0.23 0.33 0.0 Cone_Blue
-0.14051103259993702 21.951165084791892 0.0 0.23 0.23 0.33 0.0 Cone_Blue
25.97162361936752 -21.96607598410482 0.0 0.23 0.23 0.33 0.0 Cone_Blue
-0.4401683328524797 18.737678030154132 0.0 0.23 0.23 0.33 0.0 Cone_Blue
6.188128531295257 7.4148704309013045 0.0 0.23 0.23 0.33 0.0 Cone_Blue
-4.424495753108065 27.474352923436484 0.0 0.23 0.23 0.33 0.0 Cone_Blue
-4.902149027833833 8.907498368529208 0.0 0.23 0.23 0.33 0.0 Cone_Blue
0.5795204089827237 1.2182520472095635 0.0 0.23 0.23 0.33 0.0 Cone_Blue
-20.094938710018518 -1.6824135401147795 0.0 0.23 0.23 0.33 0.0 Cone_Blue
7.675928216616825 -16.340855905565697 0.0 0.23 0.23 0.33 0.0 Cone_Blue
8.081201564776773 7.811683309619482 0.0 0.23 0.23 0.33 0.0 Cone_Blue
26.367562381533446 -17.16288726630135 0.0 0.23 0.23 0.33 0.0 Cone_Blue
-19.527109153926247 16.00679831990215 0.0 0.23 0.23 0.33 0.0 Cone_Blue
4.725585152179935 6.122110072099915 0.0 0.23 0.23 0.33 0.0 Cone_Blue
6.198757457822765 -15.803669906178193 0.0 0.23 0.23 0.33 0.0 Cone_Blue
26.38029272632453 -19.698566612909186 0.0 0.23 0.23 0.33 0.0 Cone_Blue
-18.58256729178769 -8.337643397407572 0.0 0.23 0.23 0.33 0.0 Cone_Blue
21.801230818525696 -7.9029821464922065 0.0 0.23 0.23 0.33 0.0 Cone_Blue
26.103034282214715 -14.710097840266808 0.0 0.23 0.23 0.33 0.0 Cone_Blue
12.772007326162178 -36.78814280952763 0.0 0.23 0.23 0.33 0.0 Cone_Blue
-12.83843560798633 -14.376892528737464 0.0 0.23 0.23 0.33 0.0 Cone_Blue
-1.780436931386152 25.77018204455566 0.0 0.23 0.23 0.33 0.0 Cone_Blue
20.489539083375146 -6.103344394018293 0.0 0.23 0.23 0.33 0.0 Cone_Blue
-17.061730382507896 -10.873043590471921 0.0 0.23 0.23 0.33 0.0 Cone_Blue
-3.7931786523962465 11.016279630233182 0.0 0.23 0.23 0.33 0.0 Cone_Blue
23.62890071744244 -10.627977492742351 0.0 0.23 0.23 0.33 0.0 Cone_Blue
8.042948338397505 -21.01290044240391 0.0 0.23 0.23 0.33 0.0 Cone_Blue
-2.411334788738749 13.131970304268865 0.0 0.23 0.23 0.33 0.0 Cone_Blue
3.5577229727837594 3.995440683264072 0.0 0.23 0.23 0.33 0.0 Cone_Blue
-5.53073373044483 3.923123496210573 0.0 0.23 0.23 0.33 0.0 Cone_Blue
-4.5317237820859155 2.353443402673934 0.0 0.23 0.23 0.33 0.0 Cone_Blue
-1.5091009277580376 -14.813585714971296 0.0 0.23 0.23 0.33 0.0 Cone_Blue
-0.9921769919108385 1.3151142389806316 0.0 0.23 0.23 0.33 0.0 Cone_Blue
-19.594200555769568 -5.054863023154189 0.0 0.23 0.23 0.33 0.0 Cone_Blue
24.936996794187422 -12.55971723684798 0.0 0.23 0.23 0.33 0.0 Cone_Blue
23.229216526292845 -29.02334796698315 0.0 0.23 0.23 0.33 0.0 Cone_Blue
-13.297168420930905 27.758210401674994 0.0 0.23 0.23 0.33 0.0 Cone_Blue
19.588986466767537 -4.378445302299491 0.0 0.23 0.23 0.33 0.0 Cone_Blue
6.2204119884299605 -26.336664331824586 0.0 0.23 0.23 0.33 0.0 Cone_Blue
15.59886015170952 1.3627336981216414 0.0 0.23 0.23 0.33 0.0 Cone_Blue
8.42429300084827 -17.223987706868783 0.0 0.23 0.23 0.33 0.0 Cone_Blue
3.5098133655421595 -14.98601357369418 0.0 0.23 0.23 0.33 0.0 Cone_Blue
-15.432919043628601 -12.657363509900224 0.0 0.23 0.23 0.33 0.0 Cone_Blue
-1.2811939616023515 16.07596554408187 0.0 0.23 0.23 0.33 0.0 Cone_Blue
-5.507211510365053 6.087285083438935 0.0 0.23 0.23 0.33 0.0 Cone_Blue
-20.169265269379558 12.663537077447032 0.0 0.23 0.23 0.33 0.0 Cone_Blue
9.031926597435355 -36.60859024839348 0.0 0.23 0.23 0.33 0.0 Cone_Blue
8.718049455338594 -18.53207382699143 0.0 0.23 0.23 0.33 0.0 Cone_Blue
7.014815277859604 -34.313522466950715 0.0 0.23 0.23 0.33 0.0 Cone_Blue
-20.59645863038623 5.958935403928546 0.0 0.23 0.23 0.33 0.0 Cone_Blue
7.060628596849789 -23.587356366004936 0.0 0.23 0.23 0.33 0.0 Cone_Blue
10.593911602410348 7.289553761998759 0.0 0.23 0.23 0.33 0.0 Cone_Blue
-20.640647581274067 9.541893872855558 0.0 0.23 0.23 0.33 0.0 Cone_Blue
-15.651373432057785 25.243989630489143 0.0 0.23 0.23 0.33 0.0 Cone_Blue
