-12.33260977813216 -22.96829529820939 0.0 0.23 0.23 0.33 0.0 Cone_Yellow
-13.420013396204872 -25.21413559757571 0.0 0.23 0.23 0.33 0.0 Cone_Yellow
26.12386584173126 -10.122937038095689 0.0 0.23 0.23 0.33 0.0 Cone_Yellow
2.7726602204807955 -28.826653906858304 0.0 0.23 0.23 0.33 0.0 Cone_Yellow
-14.64015638251707 -37.156618824486024 0.0 0.23 0.23 0.33 0.0 Cone_Yellow
25.158229232154692 -18.280614003962818 0.0 0.23 0.23 0.33 0.0 Cone_Yellow
1.4645682199945336 -24.56841236410773 0.0 0.23 0.23 0.33 0.0 Cone_Yellow
6.361770819027192 -10.479977236256104 0.0 0.23 0.23 0.33 0.0 Cone_Yellow
2.1035035685056114 -11.491690698022175 0.0 0.23 0.23 0.33 0.0 Cone_Yellow
-33.23565373320251 -23.531584650421227 0.0 0.23 0.23 0.33 0.0 Cone_Yellow
-10.587534122266236 -14.337433621203132 0.0 0.23 0.23 0.33 0.0 Cone_Yellow
20.983045421856033 -18.698060261622725 0.0 0.23 0.23 0.33 0.0 Cone_Yellow
9.205259098432546 -11.30170461380862 0.0 0.23 0.23 0.33 0.0 Cone_Yellow
-16.635749098572475 -37.79627526747907 0.0 0.23 0.23 0.33 0.0 Cone_Yellow
-34.068975305334725 -25.10296376393844 0.0 0.23 0.23 0.33 0.0 Cone_Yellow
-20.28286432985328 -27.11753734623082 0.0 0.23 0.23 0.33 0.0 Cone_Yellow
-1.176224103745283 -21.00013156159153 0.0 0.23 0.23 0.33 0.0 Cone_Yellow
1.2158388778290767 -29.91490469380039 0.0 0.23 0.23 0.33 0.0 Cone_Yellow
-18.420130072885982 -38.10431562095272 0.0 0.23 0.23 0.33 0.0 Cone_Yellow
26.586450360868458 -16.67128348252254 0.0 0.23 0.23 0.33 0.0 Cone_Yellow
23.023238839103023 -19.24357313569686 0.0 0.23 0.23 0.33 0.0 Cone_Yellow
-5.120130076696185 -32.76935389477427 0.0 0.23 0.23 0.33 0.0 Cone_Yellow
27.822722204203767 -13.97735427480957 0.0 0.23 0.23 0.33 0.0 Cone_Yellow
-8.082907894581343 -4.507406613869236 0.0 0.23 0.23 0.33 0.0 Cone_Yellow
-24.600818036599136 -37.45254293305351 0.0 0.23 0.23 0.33 0.0 Cone_Yellow
-12.087823084803723 -36.023335875484584 0.0 0.23 0.23 0.33 0.0 Cone_Yellow
18.335992453914873 -17.47959608577306 0.0 0.23 0.23 0.33 0.0 Cone_Yellow
-1.2699071066323464 -18.875057373904284 0.0 0.23 0.23 0.33 0.0 Cone_Yellow
-0.14482116536817502 -22.886359526465604 0.0 0.23 0.23 0.33 0.0 Cone_Yellow
-29.996312739164463 -22.93368957319813 0.0 0.23 0.23 0.33 0.0 Cone_Yellow
-10.117497651933835 -11.344901755872957 0.0 0.23 0.23 0.33 0.0 Cone_Yellow
18.801519354236444 -5.06372549964788 0.0 0.23 0.23 0.33 0.0 Cone_Yellow
27.445752227273562 -12.004329877214197 0.0 0.23 0.23 0.33 0.0 Cone_Yellow
-0.6386025662437538 -1.6057438179499002 0.0 0.23 0.23 0.33 0.0 Cone_Yellow
-8.253718320111792 -34.28791260851884 0.0 0.23 0.23 0.33 0.0 Cone_Yellow
-14.9282931220604 -26.765114431165458 0.0 0.23 0.23 0.33 0.0 Cone_Yellow
-26.456972160034113 -36.51794508693329 0.0 0.23 0.23 0.33 0.0 Cone_Yellow
2.3690405216182624 -1.8198312675449166 0.0 0.23 0.23 0.33 0.0 Cone_Yellow
21.517359410594857 -6.114258503811534 0.0 0.23 0.23 0.33 0.0 Cone_Yellow
15.794514087520565 -15.66323593275456 0.0 0.23 0.23 0.33 0.0 Cone_Yellow
0.6296335338178318 -13.43951344929702 0.0 0.23 0.23 0.33 0.0 Cone_Yellow
-0.5085698121376643 -16.098751825377214 0.0 0.23 0.23 0.33 0.0 Cone_Yellow
5.092892079079536 -2.2401861117220996 0.0 0.23 0.23 0.33 0.0 Cone_Yellow
-33.31597387737215 -27.660157512169505 0.0 0.23 0.23 0.33 0.0 Cone_Yellow
-9.910237393047982 -35.049887349692845 0.0 0.23 0.23 0.33 0.0 Cone_Yellow
-11.620747902333651 -20.971933378774324 0.0 0.23 0.23 0.33 0.0 Cone_Yellow
-10.07424364023649 -8.837298733515507 0.0 0.23 0.23 0.33 0.0 Cone_Yellow
15.973475453150513 -4.284613771045866 0.0 0.23 0.23 0.33 0.0 Cone_Yellow
4.021914108491287 -10.500904327257246 0.0 0.23 0.23 0.33 0.0 Cone_Yellow
-26.827311122245977 -23.963807925294162 0.0 0.23 0.23 0.33 0.0 Cone_Yellow
3.228627044310908 -27.406217327858997 0.0 0.23 0.23 0.33 0.0 Cone_Yellow
-6.122381418485822 -3.194720532200602 0.0 0.23 0.23 0.33 0.0 Cone_Yellow
-22.671276076727562 -38.067794459584455 0.0 0.23 0.23 0.33 0.0 Cone_Yellow
-1.2760881950298835 -31.193207802580833 0.0 0.23 0.23 0.33 0.0 Cone_Yellow
-31.87324232352545 -22.621658493783876 0.0 0.23 0.23 0.33 0.0 Cone_Yellow
14.099930676773148 -14.273240852880114 0.0 0.23 0.23 0.33 0.0 Cone_Yellow
-32.12495312869422 -30.311410999440497 0.0 0.23 0.23 0.33 0.0 Cone_Yellow
-17.31388285211586 -27.629464311298964 0.0 0.23 0.23 0.33 0.0 Cone_Yellow
-3.4902150999978483 -1.9578189899460874 0.0 0.23 0.23 0.33 0.0 Cone_Yellow
-30.167778050193238 -32.73755243970408 0.0 0.23 0.23 0.33 0.0 Cone_Yellow
-20.532745874914394 -38.27639612991694 0.0 0.23 0.23 0.33 0.0 Cone_Yellow
12.595016231204664 -3.8080654758464476 0.0 0.23 0.23 0.33 0.0 Cone_Yellow
8.976362582591726 -3.138323213165304 0.0 0.23 0.23 0.33 0.0 Cone_Yellow
-9.2607886325939 -6.48238242342488 0.0 0.23 0.23 0.33 0.0 Cone_Yellow
24.128947518765887 -8.000809335252185 0.0 0.23 0.23 0.33 0.0 Cone_Yellow
12.001074833268504 -12.70132619178272 0.0 0.23 0.23 0.33 0.0 Cone_Yellow
-28.799032161914134 -34.82233885497393 0.0 0.23 0.23 0.33 0.0 Cone_Yellow
2.8932618495256435 -25.94804219323568 0.0 0.23 0.23 0.33 0.0 Cone_Yellow
-10.896154504937417 -17.45022258302178 0.0 0.23 0.23 0.33 0.0 Cone_Yellow
-23.520833307159947 -25.718571652393123 0.0 0.23 0.23 0.33 0.0 Cone_Yellow
31.22657956845872 -13.515759121319022 0.0 0.23 0.23 0.33 0.0 Cone_Blue
3.1934596610499177 -15.659520860842562 0.0 0.23 0.23 0.33 0.0 Cone_Blue
-33.47316791144377 -34.15216591681391 0.0 0.23 0.23 0.33 0.0 Cone_Blue
2.6973742675717256 -21.199035827517292 0.0 0.23 0.23 0.33 0.0 Cone_Blue
-35.04614266802865 -31.17972238299742 0.0 0.23 0.23 0.33 0.0 Cone_Blue
-31.228412268024055 -19.125092626793467 0.0 0.23 0.23 0.33 0.0 Cone_Blue
22.93826618777172 -3.479811427381165 0.0 0.23 0.23 0.33 0.0 Cone_Blue
25.838583293498345 -5.361763024182281 0.0 0.23 0.23 0.33 0.0 Cone_Blue
-28.682968262199353 -39.0146668270562 0.0 0.23 0.23 0.33 0.0 Cone_Blue
-12.323709759658271 -6.507965622473268 0.0 0.23 0.23 0.33 0.0 Cone_Blue
30.44496118389449 -16.344561658169496 0.0 0.23 0.23 0.33 0.0 Cone_Blue
-13.994322222839308 -17.826352499016437 0.0 0.23 0.23 0.33 0.0 Cone_Blue
2.2145136863058568 -33.009270589725205 0.0 0.23 0.23 0.33 0.0 Cone_Blue
-36.9558052919105 -27.96728487565554 0.0 0.23 0.23 0.33 0.0 Cone_Blue
5.7749029835624635 1.2242244989406146 0.0 0.23 0.23 0.33 0.0 Cone_Blue
4.173796610222122 -32.23828747118342 0.0 0.23 0.23 0.33 0.0 Cone_Blue
-13.037372133809903 -11.250485121248001 0.0 0.23 0.23 0.33 0.0 Cone_Blue
-3.884581173079857 -35.847287373744436 0.0 0.23 0.23 0.33 0.0 Cone_Blue
-28.500941093405395 -19.29155634749036 0.0 0.23 0.23 0.33 0.0 Cone_Blue
24.70713615058193 -22.099666183076867 0.0 0.23 0.23 0.33 0.0 Cone_Blue
-12.851159143859032 -9.418197574698414 0.0 0.23 0.23 0.33 0.0 Cone_Blue
22.497574688024645 -22.236227210403232 0.0 0.23 0.23 0.33 0.0 Cone_Blue
-25.21024381431889 -40.52643477985183 0.0 0.23 0.23 0.33 0.0 Cone_Blue
19.381380162171276 -21.39621219567991 0.0 0.23 0.23 0.33 0.0 Cone_Blue
7.09890383447071 -26.00935282961288 0.0 0.23 0.23 0.33 0.0 Cone_Blue
28.66698650281494 -18.950426418202863 0.0 0.23 0.23 0.33 0.0 Cone_Blue
10.449761960791996 -15.332558164734465 0.0 0.23 0.23 0.33 0.0 Cone_Blue
1.9426245698278644 -19.431560752647332 0.0 0.23 0.23 0.33 0.0 Cone_Blue
2.588303075722501 1.435404047719942 0.0 0.23 0.23 0.33 0.0 Cone_Blue
-16.565257356755975 -23.44897067212242 0.0 0.23 0.23 0.33 0.0 Cone_Blue
7.169094284647007 -27.942293405915102 0.0 0.23 0.23 0.33 0.0 Cone_Blue
-20.54367091217582 -41.730796316602316 0.0 0.23 0.23 0.33 0.0 Cone_Blue
19.925299515516116 -2.122573057310248 0.0 0.23 0.23 0.33 0.0 Cone_Blue
6.072754651799346 -24.348846781450078 0.0 0.23 0.23 0.33 0.0 Cone_Blue
-15.785460546987785 -22.084229237252973 0.0 0.23 0.23 0.33 0.0 Cone_Blue
-23.044816223425002 -41.31353867136587 0.0 0.23 0.23 0.33 0.0 Cone_Blue
-4.226974696157741 1.072994538741483 0.0 0.23 0.23 0.33 0.0 Cone_Blue
-10.643754496807148 -38.80011691757173 0.0 0.23 0.23 0.33 0.0 Cone_Blue
-18.081535757316885 -41.88584973644142 0.0 0.23 0.23 0.33 0.0 Cone_Blue
-37.580465075180285 -25.00544379272462 0.0 0.23 0.23 0.33 0.0 Cone_Blue
-11.15247871885632 -3.5643509198916483 0.0 0.23 0.23 0.33 0.0 Cone_Blue
26.539301003913792 -21.267364020926912 0.0 0.23 0.23 0.33 0.0 Cone_Blue
-8.647822993841814 -37.81244861107295 0.0 0.23 0.23 0.33 0.0 Cone_Blue
-6.9834726016733635 0.0039209488953773075 0.0 0.23 0.23 0.33 0.0 Cone_Blue
12.340055516286139 -16.78292500707792 0.0 0.23 0.23 0.33 0.0 Cone_Blue
-13.639113003802382 -40.13944671678571 0.0 0.23 0.23 0.33 0.0 Cone_Blue
-21.231907139414417 -23.018757085626596 0.0 0.23 0.23 0.33 0.0 Cone_Blue
14.190905787435995 -18.503387958005355 0.0 0.23 0.23 0.33 0.0 Cone_Blue
4.174814117597246 -22.837408232216916 0.0 0.23 0.23 0.33 0.0 Cone_Blue
5.644058758498878 -13.86820563626749 0.0 0.23 0.23 0.33 0.0 Cone_Blue
3.9277576933398155 -14.586695111972695 0.0 0.23 0.23 0.33 0.0 Cone_Blue
-13.50320247085422 -14.655726987689526 0.0 0.23 0.23 0.33 0.0 Cone_Blue
2.3044916524401344 -17.899024547955268 0.0 0.23 0.23 0.33 0.0 Cone_Blue
-0.8202226202917773 1.5135500289589316 0.0 0.23 0.23 0.33 0.0 Cone_Blue
-15.764625479601879 -41.101179787951295 0.0 0.23 0.23 0.33 0.0 Cone_Blue
-31.700550827141512 -36.627486282657856 0.0 0.23 0.23 0.33 0.0 Cone_Blue
30.450675964572095 -10.254257880145492 0.0 0.23 0.23 0.33 0.0 Cone_Blue
-6.795237740617176 -37.21730176245006 0.0 0.23 0.23 0.33 0.0 Cone_Blue
-26.169710631679216 -20.320202404129454 0.0 0.23 0.23 0.33 0.0 Cone_Blue
-0.4607988560749172 -34.25805720631853 0.0 0.23 0.23 0.33 0.0 Cone_Blue
-17.562459679121712 -24.036813471703216 0.0 0.23 0.23 0.33 0.0 Cone_Blue
-14.5238533645532 -19.57278950540762 0.0 0.23 0.23 0.33 0.0 Cone_Blue
-9.018060463578013 -1.2988745779317057 0.0 0.23 0.23 0.33 0.0 Cone_Blue
16.900739141179983 -20.11618969911887 0.0 0.23 0.23 0.33 0.0 Cone_Blue
7.772917359859618 -14.258218105151055 0.0 0.23 0.23 0.33 0.0 Cone_Blue
16.739263041134866 -0.9230182249541414 0.0 0.23 0.23 0.33 0.0 Cone_Blue
-36.76955795580363 -21.34991747995544 0.0 0.23 0.23 0.33 0.0 Cone_Blue
-18.90140992334076 -24.104595443627908 0.0 0.23 0.23 0.33 0.0 Cone_Blue
-34.16579508475047 -19.751013759182264 0.0 0.23 0.23 0.33 0.0 Cone_Blue
10.204088793297846 0.6344397419402981 0.0 0.23 0.23 0.33 0.0 Cone_Blue
-23.602604526647305 -21.61427523264096 0.0 0.23 0.23 0.33 0.0 Cone_Blue
6.228609645260545 -30.33014173459958 0.0 0.23 0.23 0.33 0.0 Cone_Blue
13.74269116843357 0.07066914664449797 0.0 0.23 0.23 0.33 0.0 Cone_Blue
28.371879982938882 -7.507952254869437 0.0 0.23 0.23 0.33 0.0 Cone_Blue
