-18.40816274028286 -36.95088095069288 0.0 0.23 0.23 0.33 0.0 Cone_Yellow
-17.73648622862741 -39.35402388080456 0.0 0.23 0.23 0.33 0.0 Cone_Yellow
1.9123121998467285 -1.865527252327702 0.0 0.23 0.23 0.33 0.0 Cone_Yellow
-3.208339475540007 -31.3424123505214 0.0 0.23 0.23 0.33 0.0 Cone_Yellow
-10.745293958208322 -49.11286014186118 0.0 0.23 0.23 0.33 0.0 Cone_Yellow
6.588786991656052 -8.619098978663747 0.0 0.23 0.23 0.33 0.0 Cone_Yellow
-7.007660589558876 -29.01671142591536 0.0 0.23 0.23 0.33 0.0 Cone_Yellow
-12.663407547907354 -15.21529396281441 0.0 0.23 0.23 0.33 0.0 Cone_Yellow
-15.185325103185532 -18.792490623603843 0.0 0.23 0.23 0.33 0.0 Cone_Yellow
-33.70251257331966 -51.21052346607893 0.0 0.23 0.23 0.33 0.0 Cone_Yellow
-22.813672755979354 -29.326673199463304 0.0 0.23 0.23 0.33 0.0 Cone_Yellow
3.7357476869523207 -11.695881056359521 0.0 0.23 0.23 0.33 0.0 Cone_Yellow
-9.988188831280443 -13.948855533065842 0.0 0.23 0.23 0.33 0.0 Cone_Yellow
-11.817588182493896 -50.9133422300808 0.0 0.23 0.23 0.33 0.0 Cone_Yellow
-33.28687803546994 -52.93994680694302 0.0 0.23 0.23 0.33 0.0 Cone_Yellow
-21.62030793357298 -45.32374666485876 0.0 0.23 0.23 0.33 0.0 Cone_Yellow
-11.349124647111235 -28.09037357193887 0.0 0.23 0.23 0.33 0.0 Cone_Yellow
-3.6548044942361644 -33.18866570672596 0.0 0.23 0.23 0.33 0.0 Cone_Yellow
-12.951099102947754 -52.32545317263172 0.0 0.23 0.23 0.33 0.0 Cone_Yellow
6.593918063890696 -6.4674173126542485 0.0 0.23 0.23 0.33 0.0 Cone_Yellow
5.626032175305609 -10.754181513697674 0.0 0.23 0.23 0.33 0.0 Cone_Yellow
-6.514141292696472 -39.52243045658991 0.0 0.23 0.23 0.33 0.0 Cone_Yellow
5.737194228997309 -3.629874904597891 0.0 0.23 0.23 0.33 0.0 Cone_Yellow
-27.44371115140111 -20.300858667674987 0.0 0.23 0.23 0.33 0.0 Cone_Yellow
-18.015106796048 -55.92844324002041 0.0 0.23 0.23 0.33 0.0 Cone_Yellow
-9.582483889965577 -46.573842959897455 0.0 0.23 0.23 0.33 0.0 Cone_Yellow
0.9451282926894358 -12.534920840445448 0.0 0.23 0.23 0.33 0.0 Cone_Yellow
-12.826103486704447 -26.559605687640783 0.0 0.23 0.23 0.33 0.0 Cone_Yellow
-9.327418486956482 -28.821367524552866 0.0 0.23 0.23 0.33 0.0 Cone_Yellow
-31.670359570266626 -48.61800292205126 0.0 0.23 0.23 0.33 0.0 Cone_Yellow
-24.442374575157118 -26.77255659432052 0.0 0.23 0.23 0.33 0.0 Cone_Yellow
-6.9250374686064955 -2.920814090671101 0.0 0.23 0.23 0.33 0.0 Cone_Yellow
4.148540577780256 -2.4006022686508928 0.0 0.23 0.23 0.33 0.0 Cone_Yellow
-23.784909280229144 -13.198007291625622 0.0 0.23 0.23 0.33 0.0 Cone_Yellow
-7.8575674754527025 -42.734999823599296 0.0 0.23 0.23 0.33 0.0 Cone_Yellow
-17.84025056197209 -41.514967201855754 0.0 0.23 0.23 0.33 0.0 Cone_Yellow
-20.02501764409479 -56.456685274339 0.0 0.23 0.23 0.33 0.0 Cone_Yellow
-21.388900255080607 -11.367463347480864 0.0 0.23 0.23 0.33 0.0 Cone_Yellow
-4.194028287563311 -1.910370793095332 0.0 0.23 0.23 0.33 0.0 Cone_Yellow
-2.1621574724692865 -12.855937453669185 0.0 0.23 0.23 0.33 0.0 Cone_Yellow
-15.000595034583265 -21.228097560547624 0.0 0.23 0.23 0.33 0.0 Cone_Yellow
-14.093331674446354 -23.974718901925968 0.0 0.23 0.23 0.33 0.0 Cone_Yellow
-19.06905311899572 -9.879385806723601 0.0 0.23 0.23 0.33 0.0 Cone_Yellow
-31.029671707252355 -54.35813953304205 0.0 0.23 0.23 0.33 0.0 Cone_Yellow
-8.59474686366081 -44.40270108425412 0.0 0.23 0.23 0.33 0.0 Cone_Yellow
-19.196164797140565 -34.98332891784244 0.0 0.23 0.23 0.33 0.0 Cone_Yellow
-26.069943800349428 -24.86442603157828 0.0 0.23 0.23 0.33 0.0 Cone_Yellow
-9.560469516175369 -4.208969871142351 0.0 0.23 0.23 0.33 0.0 Cone_Yellow
-14.403322234478926 -16.77992307299683 0.0 0.23 0.23 0.33 0.0 Cone_Yellow
-28.61321113723818 -47.29227349045946 0.0 0.23 0.23 0.33 0.0 Cone_Yellow
-3.8068874325448694 -29.975925554918064 0.0 0.23 0.23 0.33 0.0 Cone_Yellow
-26.843233498354863 -18.019141025049116 0.0 0.23 0.23 0.33 0.0 Cone_Yellow
-16.161591966985334 -55.112263483932026 0.0 0.23 0.23 0.33 0.0 Cone_Yellow
-4.676338137198271 -35.796390460349656 0.0 0.23 0.23 0.33 0.0 Cone_Yellow
-33.2837138171837 -49.626623828598696 0.0 0.23 0.23 0.33 0.0 Cone_Yellow
-4.352432865152888 -12.93589345569665 0.0 0.23 0.23 0.33 0.0 Cone_Yellow
-28.38189550323024 -55.55687080024173 0.0 0.23 0.23 0.33 0.0 Cone_Yellow
-19.056112033110008 -43.74203252609644 0.0 0.23 0.23 0.33 0.0 Cone_Yellow
-25.68918071053926 -15.349611643987885 0.0 0.23 0.23 0.33 0.0 Cone_Yellow
-25.308891950401204 -56.079695570475224 0.0 0.23 0.23 0.33 0.0 Cone_Yellow
-14.420631419737564 -53.85294523429879 0.0 0.23 0.23 0.33 0.0 Cone_Yellow
-12.408156884096817 -6.088268050407436 0.0 0.23 0.23 0.33 0.0 Cone_Yellow
-15.563765637113748 -7.981768070191933 0.0 0.23 0.23 0.33 0.0 Cone_Yellow
-27.01915651056195 -22.560877658359118 0.0 0.23 0.23 0.33 0.0 Cone_Yellow
-0.9877289188008227 -1.5955520448876683 0.0 0.23 0.23 0.33 0.0 Cone_Yellow
-6.9661458506425635 -13.147118414139467 0.0 0.23 0.23 0.33 0.0 Cone_Yellow
-22.90289850705654 -56.736197858785914 0.0 0.23 0.23 0.33 0.0 Cone_Yellow
-5.023536365334394 -29.10500080992042 0.0 0.23 0.23 0.33 0.0 Cone_Yellow
-20.984378368320726 -31.86407023278323 0.0 0.23 0.23 0.33 0.0 Cone_Yellow
-24.973319173645322 -46.41867302516054 0.0 0.23 0.23 0.33 0.0 Cone_Yellow
7.982883591038064 -1.0306068670273945 0.0 0.23 0.23 0.33 0.0 Cone_Blue
-11.609351826965082 -21.194828584330242 0.0 0.23 0.23 0.33 0.0 Cone_Blue
-26.849896694866807 -59.32808560278553 0.0 0.23 0.23 0.33 0.0 Cone_Blue
-8.314116317234799 -25.675202421305045 0.0 0.23 0.23 0.33 0.0 Cone_Blue
-29.996576989003586 -58.14146296981747 0.0 0.23 0.23 0.33 0.0 Cone_Blue
-35.11506606326705 -46.57901368072122 0.0 0.23 0.23 0.33 0.0 Cone_Blue
-4.872988532205683 1.004813670045003 0.0 0.23 0.23 0.33 0.0 Cone_Blue
-1.4533257839675802 1.5142131348909587 0.0 0.23 0.23 0.33 0.0 Cone_Blue
-20.04065922783529 -59.801596847955764 0.0 0.23 0.23 0.33 0.0 Cone_Blue
-29.297939760017847 -24.607652495191452 0.0 0.23 0.23 0.33 0.0 Cone_Blue
9.269662787666814 -3.6682668888467163 0.0 0.23 0.23 0.33 0.0 Cone_Blue
-23.05752388196857 -34.196919263731736 0.0 0.23 0.23 0.33 0.0 Cone_Blue
-0.8578627137608965 -34.846847948694716 0.0 0.23 0.23 0.33 0.0 Cone_Blue
-33.5544831542594 -56.99784161864268 0.0 0.23 0.23 0.33 0.0 Cone_Blue
-20.851251384386323 -6.831263582149134 0.0 0.23 0.23 0.33 0.0 Cone_Blue
0.1002806744885607 -32.97197040800569 0.0 0.23 0.23 0.33 0.0 Cone_Blue
-26.693379357811303 -28.63469487040878 0.0 0.23 0.23 0.33 0.0 Cone_Blue
-3.550535747145025 -41.01148981221331 0.0 0.23 0.23 0.33 0.0 Cone_Blue
-32.960577396938795 -44.898243688917745 0.0 0.23 0.23 0.33 0.0 Cone_Blue
8.778829110091303 -11.780168423411553 0.0 0.23 0.23 0.33 0.0 Cone_Blue
-27.766751124975016 -27.13809005272209 0.0 0.23 0.23 0.33 0.0 Cone_Blue
7.213120867760193 -13.345214260088273 0.0 0.23 0.23 0.33 0.0 Cone_Blue
-16.437021098204593 -58.635813993098864 0.0 0.23 0.23 0.33 0.0 Cone_Blue
4.321397429586984 -14.778472473055793 0.0 0.23 0.23 0.33 0.0 Cone_Blue
-1.8307394523068279 -26.36689354908725 0.0 0.23 0.23 0.33 0.0 Cone_Blue
9.662072713978139 -6.798401001608667 0.0 0.23 0.23 0.33 0.0 Cone_Blue
-6.387055849063321 -16.14621962848116 0.0 0.23 0.23 0.33 0.0 Cone_Blue
-10.04985318265588 -24.850076503308756 0.0 0.23 0.23 0.33 0.0 Cone_Blue
-23.37946704295812 -8.782453311063442 0.0 0.23 0.23 0.33 0.0 Cone_Blue
-21.26241569635927 -40.11309447963831 0.0 0.23 0.23 0.33 0.0 Cone_Blue
-0.4985577972633237 -27.769205215150496 0.0 0.23 0.23 0.33 0.0 Cone_Blue
-12.14206798639938 -56.44931745077031 0.0 0.23 0.23 0.33 0.0 Cone_Blue
-8.029733422493402 0.027559425255994086 0.0 0.23 0.23 0.33 0.0 Cone_Blue
-3.6990838951529197 -25.801604663676898 0.0 0.23 0.23 0.33 0.0 Cone_Blue
-21.581377586649488 -38.57398254052646 0.0 0.23 0.23 0.33 0.0 Cone_Blue
-14.292942174293172 -57.792288797577186 0.0 0.23 0.23 0.33 0.0 Cone_Blue
-28.247741406663074 -13.565679887316755 0.0 0.23 0.23 0.33 0.0 Cone_Blue
-6.661946389434394 -47.69914636366199 0.0 0.23 0.23 0.33 0.0 Cone_Blue
-10.194007238293668 -54.935642979331405 0.0 0.23 0.23 0.33 0.0 Cone_Blue
-35.98336432143378 -55.19139795189919 0.0 0.23 0.23 0.33 0.0 Cone_Blue
-30.36870033089413 -21.626021822547806 0.0 0.23 0.23 0.33 0.0 Cone_Blue
9.601102910706851 -9.94348098791108 0.0 0.23 0.23 0.33 0.0 Cone_Blue
-5.819775949770578 -45.637598353367764 0.0 0.23 0.23 0.33 0.0 Cone_Blue
-29.60608227654103 -16.191724274762954 0.0 0.23 0.23 0.33 0.0 Cone_Blue
-4.0101268602965146 -15.981956773057277 0.0 0.23 0.23 0.33 0.0 Cone_Blue
-8.02041307833261 -50.68587453201699 0.0 0.23 0.23 0.33 0.0 Cone_Blue
-25.044954150557032 -42.879880840474094 0.0 0.23 0.23 0.33 0.0 Cone_Blue
-1.483962521975391 -16.04624695523183 0.0 0.23 0.23 0.33 0.0 Cone_Blue
-6.122172835166985 -25.925155253545626 0.0 0.23 0.23 0.33 0.0 Cone_Blue
-10.958399271396441 -18.229949676076018 0.0 0.23 0.23 0.33 0.0 Cone_Blue
-11.769172902239333 -19.904632509479136 0.0 0.23 0.23 0.33 0.0 Cone_Blue
-24.78831822273355 -31.495361251427937 0.0 0.23 0.23 0.33 0.0 Cone_Blue
-10.793138697294191 -23.46186122897299 0.0 0.23 0.23 0.33 0.0 Cone_Blue
-25.985954516263327 -10.980265238020898 0.0 0.23 0.23 0.33 0.0 Cone_Blue
-8.976875642072338 -52.81376389688475 0.0 0.23 0.23 0.33 0.0 Cone_Blue
-23.8826673625193 -60.00994506805574 0.0 0.23 0.23 0.33 0.0 Cone_Blue
5.242272506299363 0.9003171684820543 0.0 0.23 0.23 0.33 0.0 Cone_Blue
-4.825204030529461 -43.96514548726116 0.0 0.23 0.23 0.33 0.0 Cone_Blue
-30.532329350334777 -44.12600046318962 0.0 0.23 0.23 0.33 0.0 Cone_Blue
-2.0363867249449883 -37.55384746259661 0.0 0.23 0.23 0.33 0.0 Cone_Blue
-21.620696646416008 -41.21382441453472 0.0 0.23 0.23 0.33 0.0 Cone_Blue
-22.298307280317196 -35.85644799174892 0.0 0.23 0.23 0.33 0.0 Cone_Blue
-30.268617749501168 -18.515056084815036 0.0 0.23 0.23 0.33 0.0 Cone_Blue
1.6147564998351696 -15.46121132805039 0.0 0.23 0.23 0.33 0.0 Cone_Blue
-9.104597029402722 -17.1130047723089 0.0 0.23 0.23 0.33 0.0 Cone_Blue
-11.211813771805716 -1.182450848434705 0.0 0.23 0.23 0.33 0.0 Cone_Blue
-37.7954675922346 -51.91470377703994 0.0 0.23 0.23 0.33 0.0 Cone_Blue
-22.57939539162888 -42.15098975114268 0.0 0.23 0.23 0.33 0.0 Cone_Blue
-36.90234279358154 -48.992649312967075 0.0 0.23 0.23 0.33 0.0 Cone_Blue
-17.141063491357237 -4.341275872305651 0.0 0.23 0.23 0.33 0.0 Cone_Blue
-27.751580088892887 -43.39655424517609 0.0 0.23 0.23 0.33 0.0 Cone_Blue
0.3772441517962122 -30.181528150361835 0.0 0.23 0.23 0.33 0.0 Cone_Blue
-14.115606096284862 -2.4213405598437348 0.0 0.23 0.23 0.33 0.0 Cone_Blue
1.8661686840552196 1.5826003223894318 0.0 0.23 0.23 0.33 0.0 Cone_Blue
