-20.39699649462438 -26.661427041546382 0.0 0.23 0.23 0.33 0.0 Cone_Yellow
-20.93708572227458 -29.097520000575578 0.0 0.23 0.23 0.33 0.0 Cone_Yellow
14.059862104754007 -5.292556191773677 0.0 0.23 0.23 0.33 0.0 Cone_Yellow
-4.3477905863501505 -28.8778514215655 0.0 0.23 0.23 0.33 0.0 Cone_Yellow
-19.369837870964002 -40.99942693621591 0.0 0.23 0.23 0.33 0.0 Cone_Yellow
15.001801629478393 -13.453003328601149 0.0 0.23 0.23 0.33 0.0 Cone_Yellow
-6.602762102921239 -25.036129258577127 0.0 0.23 0.23 0.33 0.0 Cone_Yellow
-5.08704917349476 -10.19802924667448 0.0 0.23 0.23 0.33 0.0 Cone_Yellow
-8.997155045790207 -12.164619232671555 0.0 0.23 0.23 0.33 0.0 Cone_Yellow
-40.60652331509848 -32.03074423970636 0.0 0.23 0.23 0.33 0.0 Cone_Yellow
-20.689650958404638 -17.86077844629269 0.0 0.23 0.23 0.33 0.0 Cone_Yellow
11.03547337298842 -14.822186073739097 0.0 0.23 0.23 0.33 0.0 Cone_Yellow
-2.1306995771795094 -10.341760045397667 0.0 0.23 0.23 0.33 0.0 Cone_Yellow
-21.164090036975914 -42.08211332580316 0.0 0.23 0.23 0.33 0.0 Cone_Yellow
-41.054943322376424 -33.75195795625986 0.0 0.23 0.23 0.33 0.0 Cone_Yellow
-27.175884584010372 -32.53249451533785 0.0 0.23 0.23 0.33 0.0 Cone_Yellow
-9.995364053246119 -22.173147597898772 0.0 0.23 0.23 0.33 0.0 Cone_Yellow
-5.611634962509773 -30.295835857680956 0.0 0.23 0.23 0.33 0.0 Cone_Yellow
-22.82931135321549 -42.793409529083846 0.0 0.23 0.23 0.33 0.0 Cone_Yellow
16.020327907239086 -11.557649920591285 0.0 0.23 0.23 0.33 0.0 Cone_Yellow
13.14647894099884 -14.882426984983642 0.0 0.23 0.23 0.33 0.0 Cone_Yellow
-11.118402014432668 -34.53469177284306 0.0 0.23 0.23 0.33 0.0 Cone_Yellow
16.601921342764484 -8.6512136624658 0.0 0.23 0.23 0.33 0.0 Cone_Yellow
-20.519817537462863 -7.718109166736539 0.0 0.23 0.23 0.33 0.0 Cone_Yellow
-28.993682231304394 -43.58476470778017 0.0 0.23 0.23 0.33 0.0 Cone_Yellow
-17.147709451996448 -39.308013091312645 0.0 0.23 0.23 0.33 0.0 Cone_Yellow
8.178756735890815 -14.247108324000095 0.0 0.23 0.23 0.33 0.0 Cone_Yellow
-10.576662218617534 -20.126978188700114 0.0 0.23 0.23 0.33 0.0 Cone_Yellow
-8.556718201877189 -23.770628762452795 0.0 0.23 0.23 0.33 0.0 Cone_Yellow
-37.59242520221305 -30.701826949231332 0.0 0.23 0.23 0.33 0.0 Cone_Yellow
-20.922505026111274 -14.84052014084736 0.0 0.23 0.23 0.33 0.0 Cone_Yellow
5.768053891737166 -2.058627306928244 0.0 0.23 0.23 0.33 0.0 Cone_Yellow
15.780044065215797 -6.81833358519328 0.0 0.23 0.23 0.33 0.0 Cone_Yellow
-13.945487181882584 -3.1776786608887164 0.0 0.23 0.23 0.33 0.0 Cone_Yellow
-13.817250811449412 -36.735057882653734 0.0 0.23 0.23 0.33 0.0 Cone_Yellow
-22.046970641623382 -30.954560263863463 0.0 0.23 0.23 0.33 0.0 Cone_Yellow
-31.01535176376567 -43.10348145912608 0.0 0.23 0.23 0.33 0.0 Cone_Yellow
-10.96955885368737 -2.6922912223578805 0.0 0.23 0.23 0.33 0.0 Cone_Yellow
8.65297020230621 -2.4544362072458625 0.0 0.23 0.23 0.33 0.0 Cone_Yellow
5.2868654960047525 -13.06590489148142 0.0 0.23 0.23 0.33 0.0 Cone_Yellow
-9.982027351880632 -14.399867069093862 0.0 0.23 0.23 0.33 0.0 Cone_Yellow
-10.47619777422879 -17.249928680925812 0.0 0.23 0.23 0.33 0.0 Cone_Yellow
-8.222195485225763 -2.4730652573292886 0.0 0.23 0.23 0.33 0.0 Cone_Yellow
-39.732436647169656 -36.06652640643351 0.0 0.23 0.23 0.33 0.0 Cone_Yellow
-15.253359279392424 -37.858558400451095 0.0 0.23 0.23 0.33 0.0 Cone_Yellow
-20.16478216629499 -24.554703341270432 0.0 0.23 0.23 0.33 0.0 Cone_Yellow
-21.458787293718963 -12.390551741721833 0.0 0.23 0.23 0.33 0.0 Cone_Yellow
2.836561409575811 -1.9528009437381968 0.0 0.23 0.23 0.33 0.0 Cone_Yellow
-7.358990953624243 -10.758072027790135 0.0 0.23 0.23 0.33 0.0 Cone_Yellow
-34.2712742270066 -30.973251464045862 0.0 0.23 0.23 0.33 0.0 Cone_Yellow
-4.231736556614322 -27.39054604553304 0.0 0.23 0.23 0.33 0.0 Cone_Yellow
-18.91491812180858 -5.988627545524391 0.0 0.23 0.23 0.33 0.0 Cone_Yellow
-26.974259709767267 -43.73838532915741 0.0 0.23 0.23 0.33 0.0 Cone_Yellow
-7.741537450761602 -32.11442728098192 0.0 0.23 0.23 0.33 0.0 Cone_Yellow
-39.49071714709902 -30.831116357734032 0.0 0.23 0.23 0.33 0.0 Cone_Yellow
3.3173745289901113 -12.104237283155516 0.0 0.23 0.23 0.33 0.0 Cone_Yellow
-37.9620261497745 -38.37159086285571 0.0 0.23 0.23 0.33 0.0 Cone_Yellow
-24.168879791916062 -32.34583329002946 0.0 0.23 0.23 0.33 0.0 Cone_Yellow
-16.639008446028306 -4.177975701269439 0.0 0.23 0.23 0.33 0.0 Cone_Yellow
-35.498040009788966 -40.28090196323426 0.0 0.23 0.23 0.33 0.0 Cone_Yellow
-24.845276168600236 -43.448117931104385 0.0 0.23 0.23 0.33 0.0 Cone_Yellow
-0.5607206521876549 -2.268331583817087 0.0 0.23 0.23 0.33 0.0 Cone_Yellow
-4.236280447561024 -2.4512772524618143 0.0 0.23 0.23 0.33 0.0 Cone_Yellow
-21.210418370835797 -9.911509032300415 0.0 0.23 0.23 0.33 0.0 Cone_Yellow
11.629270096120823 -3.6877672367869643 0.0 0.23 0.23 0.33 0.0 Cone_Yellow
0.9125521587965757 -11.0587991351031 0.0 0.23 0.23 0.33 0.0 Cone_Yellow
-33.68534995997416 -41.993780968674244 0.0 0.23 0.23 0.33 0.0 Cone_Yellow
-4.894382598247034 -26.04903765546774 0.0 0.23 0.23 0.33 0.0 Cone_Yellow
-20.271996081909798 -20.960821359795695 0.0 0.23 0.23 0.33 0.0 Cone_Yellow
-30.649216769422896 -31.918074756286586 0.0 0.23 0.23 0.33 0.0 Cone_Yellow
19.80753717906168 -7.41697618450652 0.0 0.23 0.23 0.33 0.0 Cone_Blue
-6.975291043133813 -15.96868002405649 0.0 0.23 0.23 0.33 0.0 Cone_Blue
-38.38803285228067 -42.41975090479726 0.0 0.23 0.23 0.33 0.0 Cone_Blue
-6.1803306295473135 -21.47325673116723 0.0 0.23 0.23 0.33 0.0 Cone_Blue
-40.604180342195875 -39.89025284203396 0.0 0.23 0.23 0.33 0.0 Cone_Blue
-39.66974420125197 -27.28009847879261 0.0 0.23 0.23 0.33 0.0 Cone_Blue
9.4279397192897 0.4367071160236691 0.0 0.23 0.23 0.33 0.0 Cone_Blue
12.684122984249552 -0.7255543310991897 0.0 0.23 0.23 0.33 0.0 Cone_Blue
-32.6054693368486 -46.04630394752563 0.0 0.23 0.23 0.33 0.0 Cone_Blue
-24.184855095159406 -10.642854712321746 0.0 0.23 0.23 0.33 0.0 Cone_Blue
19.699446722127558 -10.349784999397166 0.0 0.23 0.23 0.33 0.0 Cone_Blue
-23.199876664720954 -22.041391679003546 0.0 0.23 0.23 0.33 0.0 Cone_Blue
-3.926181936696741 -33.07642927792894 0.0 0.23 0.23 0.33 0.0 Cone_Blue
-43.203291572023645 -37.20488752412815 0.0 0.23 0.23 0.33 0.0 Cone_Blue
-8.35762767585302 1.0552399838379145 0.0 0.23 0.23 0.33 0.0 Cone_Blue
-2.1975506112781265 -31.874331825220644 0.0 0.23 0.23 0.33 0.0 Cone_Blue
-23.785429537654416 -15.422108252839362 0.0 0.23 0.23 0.33 0.0 Cone_Blue
-9.206251669880482 -37.24466163504113 0.0 0.23 0.23 0.33 0.0 Cone_Blue
-36.9774179271229 -26.812992053747735 0.0 0.23 0.23 0.33 0.0 Cone_Blue
15.443722405630758 -17.273127743151477 0.0 0.23 0.23 0.33 0.0 Cone_Blue
-24.0268481440106 -13.596274200310983 0.0 0.23 0.23 0.33 0.0 Cone_Blue
13.3252333712928 -17.91563453875175 0.0 0.23 0.23 0.33 0.0 Cone_Blue
-28.87769379875317 -46.71633900002949 0.0 0.23 0.23 0.33 0.0 Cone_Blue
10.099312364424346 -17.817007943129973 0.0 0.23 0.23 0.33 0.0 Cone_Blue
-0.7879937552300351 -25.138678292572415 0.0 0.23 0.23 0.33 0.0 Cone_Blue
18.570444297967402 -13.29547314317345 0.0 0.23 0.23 0.33 0.0 Cone_Blue
0.009951056104451794 -13.97689176098286 0.0 0.23 0.23 0.33 0.0 Cone_Blue
-7.32239253022925 -19.927517470637888 0.0 0.23 0.23 0.33 0.0 Cone_Blue
-11.50701702007899 0.5257472710039934 0.0 0.23 0.23 0.33 0.0 Cone_Blue
-24.404655578874216 -28.105387915097406 0.0 0.23 0.23 0.33 0.0 Cone_Blue
-0.2738696860974432 -27.003312951788544 0.0 0.23 0.23 0.33 0.0 Cone_Blue
-24.05916107092043 -46.811898997019796 0.0 0.23 0.23 0.33 0.0 Cone_Blue
6.183167499527006 1.0624206312781013 0.0 0.23 0.23 0.33 0.0 Cone_Blue
-2.169465517937046 -23.759621277824458 0.0 0.23 0.23 0.33 0.0 Cone_Blue
-23.96065690482127 -26.597585731117892 0.0 0.23 0.23 0.33 0.0 Cone_Blue
-26.58910853125816 -46.98277222026647 0.0 0.23 0.23 0.33 0.0 Cone_Blue
-18.054949988236245 -1.3988112769758487 0.0 0.23 0.23 0.33 0.0 Cone_Blue
-15.102121393563692 -41.67685596025315 0.0 0.23 0.23 0.33 0.0 Cone_Blue
-21.627648465645123 -46.39488876431161 0.0 0.23 0.23 0.33 0.0 Cone_Blue
-44.494247523760976 -34.4669804446154 0.0 0.23 0.23 0.33 0.0 Cone_Blue
-23.72413790965598 -7.508466519520081 0.0 0.23 0.23 0.33 0.0 Cone_Blue
17.034520042246314 -16.040683903359003 0.0 0.23 0.23 0.33 0.0 Cone_Blue
-13.387807319318107 -40.2554628045657 0.0 0.23 0.23 0.33 0.0 Cone_Blue
-20.490547914523233 -3.0748368689895784 0.0 0.23 0.23 0.33 0.0 Cone_Blue
2.18379989152581 -14.952163489297178 0.0 0.23 0.23 0.33 0.0 Cone_Blue
-17.707805995718207 -43.67094338325801 0.0 0.23 0.23 0.33 0.0 Cone_Blue
-29.0447085415389 -28.763120708607357 0.0 0.23 0.23 0.33 0.0 Cone_Blue
4.381565670683926 -16.19934634344927 0.0 0.23 0.23 0.33 0.0 Cone_Blue
-4.364841131101867 -22.72668823227088 0.0 0.23 0.23 0.33 0.0 Cone_Blue
-5.003926715735693 -13.66044068229094 0.0 0.23 0.23 0.33 0.0 Cone_Blue
-6.508235037023065 -14.755416913754818 0.0 0.23 0.23 0.33 0.0 Cone_Blue
-23.453292596162477 -18.842978774208643 0.0 0.23 0.23 0.33 0.0 Cone_Blue
-7.323756480862671 -18.352838727589344 0.0 0.23 0.23 0.33 0.0 Cone_Blue
-14.841664762459825 -0.18437852701199375 0.0 0.23 0.23 0.33 0.0 Cone_Blue
-19.55418910107656 -45.096987987469305 0.0 0.23 0.23 0.33 0.0 Cone_Blue
-36.09228562805298 -44.41948261769599 0.0 0.23 0.23 0.33 0.0 Cone_Blue
18.30029971514885 -4.422372374972053 0.0 0.23 0.23 0.33 0.0 Cone_Blue
-11.722440805275186 -39.24907010497191 0.0 0.23 0.23 0.33 0.0 Cone_Blue
-34.47178936029508 -27.276213016804896 0.0 0.23 0.23 0.33 0.0 Cone_Blue
-6.2413332586453585 -34.90859727505204 0.0 0.23 0.23 0.33 0.0 Cone_Blue
-25.239386998526843 -28.907382357593935 0.0 0.23 0.23 0.33 0.0 Cone_Blue
-23.31232065944493 -23.862875084195025 0.0 0.23 0.23 0.33 0.0 Cone_Blue
-22.16979306536507 -4.811776613455287 0.0 0.23 0.23 0.33 0.0 Cone_Blue
7.390322591863985 -17.143649287664353 0.0 0.23 0.23 0.33 0.0 Cone_Blue
-2.8425122261512588 -13.54892353254823 0.0 0.23 0.23 0.33 0.0 Cone_Blue
2.8063610238657954 1.49478417952092 0.0 0.23 0.23 0.33 0.0 Cone_Blue
-44.54833903368299 -30.72298297023618 0.0 0.23 0.23 0.33 0.0 Cone_Blue
-26.52660224190516 -29.282161051527765 0.0 0.23 0.23 0.33 0.0 Cone_Blue
-42.383561542430584 -28.566640555325186 0.0 0.23 0.23 0.33 0.0 Cone_Blue
-3.9118315420170564 1.5029337777644827 0.0 0.23 0.23 0.33 0.0 Cone_Blue
-31.675425149533197 -27.943300298016243 0.0 0.23 0.23 0.33 0.0 Cone_Blue
-0.6382475588373282 -29.543698702728882 0.0 0.23 0.23 0.33 0.0 Cone_Blue
-0.3386066471832496 1.7705303105826573 0.0 0.23 0.23 0.33 0.0 Cone_Blue
15.644127091783954 -2.229580931272004 0.0 0.23 0.23 0.33 0.0 Cone_Blue
