-4.083132413511273 -1.7375738320505771 0.0 0.23 0.23 0.33 0.0 Cone_Yellow
-6.552509219948222 -1.3792116316350196 0.0 0.23 0.23 0.33 0.0 Cone_Yellow
19.77663050864782 -34.51890173728015 0.0 0.23 0.23 0.33 0.0 Cone_Yellow
-5.106000035093292 -17.90678188771139 0.0 0.23 0.23 0.33 0.0 Cone_Yellow
-18.305832047728376 -3.822786275075016 0.0 0.23 0.23 0.33 0.0 Cone_Yellow
11.708245470878689 -36.06205125158422 0.0 0.23 0.23 0.33 0.0 Cone_Yellow
-1.4416535575954068 -15.373742091144472 0.0 0.23 0.23 0.33 0.0 Cone_Yellow
13.467922594347256 -15.787428708136689 0.0 0.23 0.23 0.33 0.0 Cone_Yellow
11.217414154937112 -12.033548599538785 0.0 0.23 0.23 0.33 0.0 Cone_Yellow
-10.933036038544556 18.019282238935872 0.0 0.23 0.23 0.33 0.0 Cone_Yellow
4.671739909599053 -0.7945611394806456 0.0 0.23 0.23 0.33 0.0 Cone_Yellow
10.049346870239846 -32.2079006758266 0.0 0.23 0.23 0.33 0.0 Cone_Yellow
13.543326209326876 -18.74630953929278 0.0 0.23 0.23 0.33 0.0 Cone_Yellow
-19.518307573714416 -2.113560206843905 0.0 0.23 0.23 0.33 0.0 Cone_Yellow
-12.68271049098285 18.339120434690855 0.0 0.23 0.23 0.33 0.0 Cone_Yellow
-10.439677419654089 4.588332632252561 0.0 0.23 0.23 0.33 0.0 Cone_Yellow
1.1624618360615724 -11.778607184183743 0.0 0.23 0.23 0.33 0.0 Cone_Yellow
-6.613609651780715 -16.751318469040086 0.0 0.23 0.23 0.33 0.0 Cone_Yellow
-20.350863902759414 -0.5055321350033335 0.0 0.23 0.23 0.33 0.0 Cone_Yellow
13.673764483955962 -36.9375484411716 0.0 0.23 0.23 0.33 0.0 Cone_Yellow
10.145464481106034 -34.31757716297812 0.0 0.23 0.23 0.33 0.0 Cone_Yellow
-11.24829272901482 -11.57327872341741 0.0 0.23 0.23 0.33 0.0 Cone_Yellow
16.615266267330973 -37.30250036292889 0.0 0.23 0.23 0.33 0.0 Cone_Yellow
14.799173911529254 -0.21347246993969016 0.0 0.23 0.23 0.33 0.0 Cone_Yellow
-21.596152050152938 5.583389671970478 0.0 0.23 0.23 0.33 0.0 Cone_Yellow
-16.454639016679124 -5.913676006004979 0.0 0.23 0.23 0.33 0.0 Cone_Yellow
10.411479722918239 -29.316464326894447 0.0 0.23 0.23 0.33 0.0 Cone_Yellow
3.16001237537688 -11.047506198624518 0.0 0.23 0.23 0.33 0.0 Cone_Yellow
-0.324195126781218 -13.331507384324421 0.0 0.23 0.23 0.33 0.0 Cone_Yellow
-9.384748076942953 15.111772481947506 0.0 0.23 0.23 0.33 0.0 Cone_Yellow
7.666490742975027 -0.33887627638670637 0.0 0.23 0.23 0.33 0.0 Cone_Yellow
22.388183852502067 -26.010542988032753 0.0 0.23 0.23 0.33 0.0 Cone_Yellow
18.382311645321117 -36.34726098500468 0.0 0.23 0.23 0.33 0.0 Cone_Yellow
19.81359401612741 -6.433835788696852 0.0 0.23 0.23 0.33 0.0 Cone_Yellow
-13.642315539617872 -9.044632716425856 0.0 0.23 0.23 0.33 0.0 Cone_Yellow
-8.486579735560927 -0.40977142496529595 0.0 0.23 0.23 0.33 0.0 Cone_Yellow
-21.265771431677464 7.635127937649846 0.0 0.23 0.23 0.33 0.0 Cone_Yellow
20.517840073912993 -9.365693198280706 0.0 0.23 0.23 0.33 0.0 Cone_Yellow
22.2069149648824 -28.91683760402389 0.0 0.23 0.23 0.33 0.0 Cone_Yellow
11.375474285193105 -26.345102521891874 0.0 0.23 0.23 0.33 0.0 Cone_Yellow
8.915422429843423 -11.216761940040325 0.0 0.23 0.23 0.33 0.0 Cone_Yellow
6.036609201550958 -10.934822240511881 0.0 0.23 0.23 0.33 0.0 Cone_Yellow
20.939742680100508 -12.089305449134267 0.0 0.23 0.23 0.33 0.0 Cone_Yellow
-14.893082331849234 16.848983749144637 0.0 0.23 0.23 0.33 0.0 Cone_Yellow
-14.868994252522594 -7.695588506440513 0.0 0.23 0.23 0.33 0.0 Cone_Yellow
-1.9650017362473537 -1.8132750712698105 0.0 0.23 0.23 0.33 0.0 Cone_Yellow
10.070064179446872 0.3772093070117304 0.0 0.23 0.23 0.33 0.0 Cone_Yellow
22.27681887784611 -23.07925568813626 0.0 0.23 0.23 0.33 0.0 Cone_Yellow
12.741313823339437 -13.5631519576238 0.0 0.23 0.23 0.33 0.0 Cone_Yellow
-9.409696495951541 11.779642135795667 0.0 0.23 0.23 0.33 0.0 Cone_Yellow
-3.614184549912883 -17.912472016788364 0.0 0.23 0.23 0.33 0.0 Cone_Yellow
16.642661571567274 -1.6860083981144864 0.0 0.23 0.23 0.33 0.0 Cone_Yellow
-21.59993442764248 3.5581360312073738 0.0 0.23 0.23 0.33 0.0 Cone_Yellow
-8.584807864008233 -14.76181175066083 0.0 0.23 0.23 0.33 0.0 Cone_Yellow
-9.654137810231408 16.995295041082038 0.0 0.23 0.23 0.33 0.0 Cone_Yellow
12.188783214648504 -24.309856137956103 0.0 0.23 0.23 0.33 0.0 Cone_Yellow
-17.06083580488103 14.912874155731464 0.0 0.23 0.23 0.33 0.0 Cone_Yellow
-10.031039411520647 1.6033811735148316 0.0 0.23 0.23 0.33 0.0 Cone_Yellow
18.61674504591838 -3.8217095452106875 0.0 0.23 0.23 0.33 0.0 Cone_Yellow
-18.782602995587514 12.314371833801337 0.0 0.23 0.23 0.33 0.0 Cone_Yellow
-21.152939066726624 1.4564649750588874 0.0 0.23 0.23 0.33 0.0 Cone_Yellow
21.71078805518949 -19.714631771587623 0.0 0.23 0.23 0.33 0.0 Cone_Yellow
21.256389003389735 -16.06268291806236 0.0 0.23 0.23 0.33 0.0 Cone_Yellow
12.560688611173687 0.31294565418127185 0.0 0.23 0.23 0.33 0.0 Cone_Yellow
21.197181088622465 -31.976233620475966 0.0 0.23 0.23 0.33 0.0 Cone_Yellow
13.05342287624576 -21.834273416821638 0.0 0.23 0.23 0.33 0.0 Cone_Yellow
-20.35666594380374 10.37991440624509 0.0 0.23 0.23 0.33 0.0 Cone_Yellow
-2.325382472876676 -17.15238403284555 0.0 0.23 0.23 0.33 0.0 Cone_Yellow
1.6110965798523704 -1.4404435355073986 0.0 0.23 0.23 0.33 0.0 Cone_Yellow
-10.083933808117846 8.097605290993444 0.0 0.23 0.23 0.33 0.0 Cone_Yellow
18.083304340985293 -40.40800825314909 0.0 0.23 0.23 0.33 0.0 Cone_Blue
7.573378182625282 -14.331333267928596 0.0 0.23 0.23 0.33 0.0 Cone_Blue
-21.12942001458884 15.038189614748552 0.0 0.23 0.23 0.33 0.0 Cone_Blue
2.1427087890423735 -15.531398566667601 0.0 0.23 0.23 0.33 0.0 Cone_Blue
-18.770828213134962 17.435420279639878 0.0 0.23 0.23 0.33 0.0 Cone_Blue
-6.1260995627724935 17.43657135717814 0.0 0.23 0.23 0.33 0.0 Cone_Blue
25.147473636941157 -29.475767084477127 0.0 0.23 0.23 0.33 0.0 Cone_Blue
24.229323123647212 -32.8090208644061 0.0 0.23 0.23 0.33 0.0 Cone_Blue
-24.31818045797442 9.003147393154089 0.0 0.23 0.23 0.33 0.0 Cone_Blue
11.61126885222165 3.2251170866354624 0.0 0.23 0.23 0.33 0.0 Cone_Blue
15.150536796052128 -40.51721273550756 0.0 0.23 0.23 0.33 0.0 Cone_Blue
0.3168541045542881 1.399460219391674 0.0 0.23 0.23 0.33 0.0 Cone_Blue
-9.26187466147977 -18.637887871249387 0.0 0.23 0.23 0.33 0.0 Cone_Blue
-16.285131896818726 20.2260975986218 0.0 0.23 0.23 0.33 0.0 Cone_Blue
24.448356131570065 -11.693185011296253 0.0 0.23 0.23 0.33 0.0 Cone_Blue
-7.935170669556994 -20.27283773679342 0.0 0.23 0.23 0.33 0.0 Cone_Blue
6.874668857379392 2.4731691699559946 0.0 0.23 0.23 0.33 0.0 Cone_Blue
-13.809354416055788 -13.680698622100094 0.0 0.23 0.23 0.33 0.0 Cone_Blue
-5.461068139072159 14.786186029687991 0.0 0.23 0.23 0.33 0.0 Cone_Blue
7.93128983300228 -36.785411897840426 0.0 0.23 0.23 0.33 0.0 Cone_Blue
8.677635688110088 2.8490195898733504 0.0 0.23 0.23 0.33 0.0 Cone_Blue
7.133797058858589 -34.72026879234112 0.0 0.23 0.23 0.33 0.0 Cone_Blue
-24.710560644778344 5.236013837914738 0.0 0.23 0.23 0.33 0.0 Cone_Blue
6.993467271048948 -31.495892713380663 0.0 0.23 0.23 0.33 0.0 Cone_Blue
-1.1136865210289013 -21.180159649726583 0.0 0.23 0.23 0.33 0.0 Cone_Blue
12.129387900600529 -39.60925653300919 0.0 0.23 0.23 0.33 0.0 Cone_Blue
10.076545303169913 -21.150056171560387 0.0 0.23 0.23 0.33 0.0 Cone_Blue
3.5997099338214245 -14.278097760538618 0.0 0.23 0.23 0.33 0.0 Cone_Blue
23.687291304247992 -8.59160539711874 0.0 0.23 0.23 0.33 0.0 Cone_Blue
-5.819662244086222 2.152261445623763 0.0 0.23 0.23 0.33 0.0 Cone_Blue
-2.9351701152781864 -21.830838899966068 0.0 0.23 0.23 0.33 0.0 Cone_Blue
-24.449335248335803 0.42361831650615045 0.0 0.23 0.23 0.33 0.0 Cone_Blue
25.531391210800095 -26.193592278377057 0.0 0.23 0.23 0.33 0.0 Cone_Blue
0.1593753104831297 -19.700438035966215 0.0 0.23 0.23 0.33 0.0 Cone_Blue
-4.283141493573143 1.8210421348689625 0.0 0.23 0.23 0.33 0.0 Cone_Blue
-24.80693103538305 2.933988222232813 0.0 0.23 0.23 0.33 0.0 Cone_Blue
21.283526143827935 -2.2040186216898796 0.0 0.23 0.23 0.33 0.0 Cone_Blue
-18.6656356837264 -8.128927860950329 0.0 0.23 0.23 0.33 0.0 Cone_Blue
-23.8535603178406 -1.9703748572496735 0.0 0.23 0.23 0.33 0.0 Cone_Blue
-13.650247366802839 21.716092886820725 0.0 0.23 0.23 0.33 0.0 Cone_Blue
14.771154110053734 2.9975762649612605 0.0 0.23 0.23 0.33 0.0 Cone_Blue
9.278058710880805 -38.280660548895455 0.0 0.23 0.23 0.33 0.0 Cone_Blue
-17.12129641683731 -9.733374019889945 0.0 0.23 0.23 0.33 0.0 Cone_Blue
19.43188456734203 0.10089406989895089 0.0 0.23 0.23 0.33 0.0 Cone_Blue
9.26478999111947 -23.390106844351045 0.0 0.23 0.23 0.33 0.0 Cone_Blue
-20.847051998421907 -5.6779281142201175 0.0 0.23 0.23 0.33 0.0 Cone_Blue
-6.818909914188461 6.730930249739972 0.0 0.23 0.23 0.33 0.0 Cone_Blue
8.183638482876864 -25.674127620954046 0.0 0.23 0.23 0.33 0.0 Cone_Blue
1.0270411216526814 -17.434653227207253 0.0 0.23 0.23 0.33 0.0 Cone_Blue
10.021151932605099 -16.126507309385815 0.0 0.23 0.23 0.33 0.0 Cone_Blue
8.817873210057739 -14.7073396699471 0.0 0.23 0.23 0.33 0.0 Cone_Blue
3.487749838683939 1.8888322528644732 0.0 0.23 0.23 0.33 0.0 Cone_Blue
5.169971532011639 -14.16022699478485 0.0 0.23 0.23 0.33 0.0 Cone_Blue
22.7323812331301 -5.318640232187853 0.0 0.23 0.23 0.33 0.0 Cone_Blue
-22.40580175790066 -3.942119088930232 0.0 0.23 0.23 0.33 0.0 Cone_Blue
-22.95380797833281 12.600774836983357 0.0 0.23 0.23 0.33 0.0 Cone_Blue
20.958179310939734 -38.683331281704824 0.0 0.23 0.23 0.33 0.0 Cone_Blue
-15.994441713715084 -11.319712688000404 0.0 0.23 0.23 0.33 0.0 Cone_Blue
-5.737627829484685 12.253151700438162 0.0 0.23 0.23 0.33 0.0 Cone_Blue
-11.260318803724111 -16.464644621281316 0.0 0.23 0.23 0.33 0.0 Cone_Blue
-6.681220220417477 2.925365243422352 0.0 0.23 0.23 0.33 0.0 Cone_Blue
-1.507956314430798 1.3768243606515682 0.0 0.23 0.23 0.33 0.0 Cone_Blue
17.575458382497693 1.6470201232188995 0.0 0.23 0.23 0.33 0.0 Cone_Blue
7.464541957121854 -28.744506497876124 0.0 0.23 0.23 0.33 0.0 Cone_Blue
10.292286570622258 -18.273746159290404 0.0 0.23 0.23 0.33 0.0 Cone_Blue
25.71271957303351 -22.79405109801663 0.0 0.23 0.23 0.33 0.0 Cone_Blue
-9.920514498104103 22.04705467880264 0.0 0.23 0.23 0.33 0.0 Cone_Blue
-7.15021275438898 4.18132231087778 0.0 0.23 0.23 0.33 0.0 Cone_Blue
-7.6099106734229895 20.047758762149414 0.0 0.23 0.23 0.33 0.0 Cone_Blue
25.22376745137184 -16.093670243844414 0.0 0.23 0.23 0.33 0.0 Cone_Blue
-6.195983492503249 9.415094561097467 0.0 0.23 0.23 0.33 0.0 Cone_Blue
-5.495552953631636 -21.655423054649077 0.0 0.23 0.23 0.33 0.0 Cone_Blue
25.75501357355475 -19.63730137745609 0.0 0.23 0.23 0.33 0.0 Cone_Blue
22.948429932768008 -35.87219453956838 0.0 0.23 0.23 0.33 0.0 Cone_Blue
