18.14122577794591 4.301268586715619 0.0 0.23 0.23 0.33 0.0 Cone_Yellow
19.859820124508826 6.110323243385064 0.0 0.23 0.23 0.33 0.0 Cone_Yellow
-22.40014764443591 3.752828107890563 0.0 0.23 0.23 0.33 0.0 Cone_Yellow
5.5313479974675515 14.473806602369612 0.0 0.23 0.23 0.33 0.0 Cone_Yellow
24.65224366439535 17.116881794831674 0.0 0.23 0.23 0.33 0.0 Cone_Yellow
-19.00061005016638 11.231015835297635 0.0 0.23 0.23 0.33 0.0 Cone_Yellow
5.483222509369355 10.019436876410813 0.0 0.23 0.23 0.33 0.0 Cone_Yellow
-3.4645612202769858 -1.913867945604423 0.0 0.23 0.23 0.33 0.0 Cone_Yellow
0.8997464263351471 -2.2443567824902395 0.0 0.23 0.23 0.33 0.0 Cone_Yellow
38.22646874052512 -1.5157372252189596 0.0 0.23 0.23 0.33 0.0 Cone_Yellow
13.855299723198717 -3.390798767744453 0.0 0.23 0.23 0.33 0.0 Cone_Yellow
-14.896086948209495 10.359631113537752 0.0 0.23 0.23 0.33 0.0 Cone_Yellow
-5.923740805853379 -0.2667197300453914 0.0 0.23 0.23 0.33 0.0 Cone_Yellow
26.747844467697078 17.119697223229856 0.0 0.23 0.23 0.33 0.0 Cone_Yellow
39.4979950643405 -0.27200173532426675 0.0 0.23 0.23 0.33 0.0 Cone_Yellow
26.976512481659164 5.837649357689816 0.0 0.23 0.23 0.33 0.0 Cone_Yellow
6.914460241446776 5.8172980713489615 0.0 0.23 0.23 0.33 0.0 Cone_Yellow
7.3452914311049895 15.037359339723977 0.0 0.23 0.23 0.33 0.0 Cone_Yellow
28.541429608936706 16.87078627131207 0.0 0.23 0.23 0.33 0.0 Cone_Yellow
-20.850424178938717 10.131948954376428 0.0 0.23 0.23 0.33 0.0 Cone_Yellow
-16.67393672565641 11.499466033335592 0.0 0.23 0.23 0.33 0.0 Cone_Yellow
14.249109267716491 15.83088445749483 0.0 0.23 0.23 0.33 0.0 Cone_Yellow
-22.847043246363413 7.941256153824771 0.0 0.23 0.23 0.33 0.0 Cone_Yellow
8.481265191940828 -11.994422211513285 0.0 0.23 0.23 0.33 0.0 Cone_Yellow
34.23156998070287 14.371183524658752 0.0 0.23 0.23 0.33 0.0 Cone_Yellow
21.876202554364063 16.81302120092397 0.0 0.23 0.23 0.33 0.0 Cone_Yellow
-12.744639681761091 8.39422555167354 0.0 0.23 0.23 0.33 0.0 Cone_Yellow
6.357777788885725 3.7642950379329942 0.0 0.23 0.23 0.33 0.0 Cone_Yellow
6.505191339420515 7.927783068357975 0.0 0.23 0.23 0.33 0.0 Cone_Yellow
34.958660687191866 -1.1007202067807533 0.0 0.23 0.23 0.33 0.0 Cone_Yellow
12.497899371910702 -6.09886921268901 0.0 0.23 0.23 0.33 0.0 Cone_Yellow
-16.96204120635494 -3.292693721029803 0.0 0.23 0.23 0.33 0.0 Cone_Yellow
-23.08762558718189 5.9470014623924925 0.0 0.23 0.23 0.33 0.0 Cone_Yellow
0.5072004282131797 -12.496039542369196 0.0 0.23 0.23 0.33 0.0 Cone_Yellow
17.696011109771547 16.3251147050511 0.0 0.23 0.23 0.33 0.0 Cone_Yellow
21.76816846639278 7.129464882068811 0.0 0.23 0.23 0.33 0.0 Cone_Yellow
35.71582277755748 12.916613176086189 0.0 0.23 0.23 0.33 0.0 Cone_Yellow
-2.293063962371102 -11.37788493639384 0.0 0.23 0.23 0.33 0.0 Cone_Yellow
-19.230064924872032 -1.4663653779321386 0.0 0.23 0.23 0.33 0.0 Cone_Yellow
-10.875506957018361 5.8913033895559295 0.0 0.23 0.23 0.33 0.0 Cone_Yellow
2.89593696164383 -0.8366886055825908 0.0 0.23 0.23 0.33 0.0 Cone_Yellow
4.788583045033308 1.3507634283126357 0.0 0.23 0.23 0.33 0.0 Cone_Yellow
-4.760267693510569 -10.149483026936299 0.0 0.23 0.23 0.33 0.0 Cone_Yellow
39.55790053122217 2.393080318111128 0.0 0.23 0.23 0.33 0.0 Cone_Yellow
19.505760973428323 16.54752508291789 0.0 0.23 0.23 0.33 0.0 Cone_Yellow
16.856235503152895 2.6157395192494963 0.0 0.23 0.23 0.33 0.0 Cone_Yellow
11.694486386075084 -8.474678843415944 0.0 0.23 0.23 0.33 0.0 Cone_Yellow
-14.504621896761849 -4.894548186626963 0.0 0.23 0.23 0.33 0.0 Cone_Yellow
-1.2290527203248587 -2.6051487247524108 0.0 0.23 0.23 0.33 0.0 Cone_Yellow
32.25271133039962 0.8439013877287387 0.0 0.23 0.23 0.33 0.0 Cone_Yellow
4.665202230451605 13.259171953731048 0.0 0.23 0.23 0.33 0.0 Cone_Yellow
6.214498873558668 -12.649081871433047 0.0 0.23 0.23 0.33 0.0 Cone_Yellow
32.58033384952559 15.543824072694832 0.0 0.23 0.23 0.33 0.0 Cone_Yellow
10.107864416726178 15.497739479913799 0.0 0.23 0.23 0.33 0.0 Cone_Yellow
36.65193999363209 -1.9684950909248151 0.0 0.23 0.23 0.33 0.0 Cone_Yellow
-9.683601779105034 4.051993381721765 0.0 0.23 0.23 0.33 0.0 Cone_Yellow
39.22910153699824 5.280911112833223 0.0 0.23 0.23 0.33 0.0 Cone_Yellow
24.303611092290865 7.227799851494289 0.0 0.23 0.23 0.33 0.0 Cone_Yellow
3.3309063222527744 -13.027392526143306 0.0 0.23 0.23 0.33 0.0 Cone_Yellow
38.10197386201863 8.187159515906275 0.0 0.23 0.23 0.33 0.0 Cone_Yellow
30.60639325309789 16.39257880918074 0.0 0.23 0.23 0.33 0.0 Cone_Yellow
-11.430863377259977 -6.375457892111431 0.0 0.23 0.23 0.33 0.0 Cone_Yellow
-8.186997926364574 -8.113429659295274 0.0 0.23 0.23 0.33 0.0 Cone_Yellow
10.203724401846838 -10.470917452242421 0.0 0.23 0.23 0.33 0.0 Cone_Yellow
-21.144655178918484 1.1247368287475048 0.0 0.23 0.23 0.33 0.0 Cone_Yellow
-8.16184799570897 1.9164894654747648 0.0 0.23 0.23 0.33 0.0 Cone_Yellow
37.43167661616808 10.589346291779425 0.0 0.23 0.23 0.33 0.0 Cone_Yellow
4.541476070258419 11.768052785323993 0.0 0.23 0.23 0.33 0.0 Cone_Yellow
15.0954743925621 -0.5190974512963891 0.0 0.23 0.23 0.33 0.0 Cone_Yellow
29.636052013051902 3.5206690833900023 0.0 0.23 0.23 0.33 0.0 Cone_Yellow
-26.23015423324847 8.536130167659852 0.0 0.23 0.23 0.33 0.0 Cone_Blue
1.128205584951246 2.057575220997764 0.0 0.23 0.23 0.33 0.0 Cone_Blue
41.68095364710166 8.530142201249967 0.0 0.23 0.23 0.33 0.0 Cone_Blue
3.284597766241955 7.184201747682149 0.0 0.23 0.23 0.33 0.0 Cone_Blue
42.27600646192974 5.220220405475036 0.0 0.23 0.23 0.33 0.0 Cone_Blue
34.97481125926654 -5.103621543086785 0.0 0.23 0.23 0.33 0.0 Cone_Blue
-21.384502957339762 -3.5442691851850725 0.0 0.23 0.23 0.33 0.0 Cone_Blue
-23.57555911246569 -0.8697871696243951 0.0 0.23 0.23 0.33 0.0 Cone_Blue
38.59539504045456 14.618594867295293 0.0 0.23 0.23 0.33 0.0 Cone_Blue
13.129501143383255 -11.377543499394921 0.0 0.23 0.23 0.33 0.0 Cone_Blue
-24.625681119612942 10.993510300891423 0.0 0.23 0.23 0.33 0.0 Cone_Blue
18.161381461366336 -1.102476202547912 0.0 0.23 0.23 0.33 0.0 Cone_Blue
7.334425100162569 18.28887184835754 0.0 0.23 0.23 0.33 0.0 Cone_Blue
43.118868882130826 1.5793209264670018 0.0 0.23 0.23 0.33 0.0 Cone_Blue
-6.463044242165486 -13.242674223493168 0.0 0.23 0.23 0.33 0.0 Cone_Blue
5.233498340795991 18.149906756324572 0.0 0.23 0.23 0.33 0.0 Cone_Blue
15.250922763221567 -7.076337216104044 0.0 0.23 0.23 0.33 0.0 Cone_Blue
14.007581660893171 19.138741771427078 0.0 0.23 0.23 0.33 0.0 Cone_Blue
32.42698698217368 -4.1159978132482244 0.0 0.23 0.23 0.33 0.0 Cone_Blue
-17.410029488279463 14.732258184976686 0.0 0.23 0.23 0.33 0.0 Cone_Blue
14.516582243778377 -8.765330091272876 0.0 0.23 0.23 0.33 0.0 Cone_Blue
-15.263503543336865 14.19074443751409 0.0 0.23 0.23 0.33 0.0 Cone_Blue
35.74649450479351 17.114395975540248 0.0 0.23 0.23 0.33 0.0 Cone_Blue
-12.5500793426146 12.443282662580554 0.0 0.23 0.23 0.33 0.0 Cone_Blue
0.5534578028806028 13.104800255389492 0.0 0.23 0.23 0.33 0.0 Cone_Blue
-22.13975749277781 12.935650572778746 0.0 0.23 0.23 0.33 0.0 Cone_Blue
-5.884151223662924 3.9516923394914762 0.0 0.23 0.23 0.33 0.0 Cone_Blue
3.4663990069787634 5.270941818817914 0.0 0.23 0.23 0.33 0.0 Cone_Blue
-3.4914064058964964 -14.412453837148178 0.0 0.23 0.23 0.33 0.0 Cone_Blue
22.31971276197887 3.472654765817353 0.0 0.23 0.23 0.33 0.0 Cone_Blue
1.074120758407414 14.967619639429074 0.0 0.23 0.23 0.33 0.0 Cone_Blue
31.66679328398685 19.680215008747506 0.0 0.23 0.23 0.33 0.0 Cone_Blue
-18.92663651235307 -5.753105236123272 0.0 0.23 0.23 0.33 0.0 Cone_Blue
1.0263314669229953 11.210954174279024 0.0 0.23 0.23 0.33 0.0 Cone_Blue
21.161987838574703 2.4095107255749326 0.0 0.23 0.23 0.33 0.0 Cone_Blue
33.92276942263184 18.522457058070202 0.0 0.23 0.23 0.33 0.0 Cone_Blue
3.1115670678364307 -16.13874844273038 0.0 0.23 0.23 0.33 0.0 Cone_Blue
21.344483634535788 19.897356142662566 0.0 0.23 0.23 0.33 0.0 Cone_Blue
29.368282534048937 20.576317355701192 0.0 0.23 0.23 0.33 0.0 Cone_Blue
42.813698475419606 -1.432252328202349 0.0 0.23 0.23 0.33 0.0 Cone_Blue
11.11895164953975 -13.825877708811259 0.0 0.23 0.23 0.33 0.0 Cone_Blue
-19.408491107758024 14.496236799557598 0.0 0.23 0.23 0.33 0.0 Cone_Blue
19.14277915090542 19.5630978369265 0.0 0.23 0.23 0.33 0.0 Cone_Blue
6.062595902185884 -15.95811660041964 0.0 0.23 0.23 0.33 0.0 Cone_Blue
-7.244156149052058 5.908005276173466 0.0 0.23 0.23 0.33 0.0 Cone_Blue
24.6052179839295 20.262853610745836 0.0 0.23 0.23 0.33 0.0 Cone_Blue
26.63479553924088 1.644331886955836 0.0 0.23 0.23 0.33 0.0 Cone_Blue
-8.484486208660423 8.109645763392336 0.0 0.23 0.23 0.33 0.0 Cone_Blue
2.3750583358879815 9.194134749440176 0.0 0.23 0.23 0.33 0.0 Cone_Blue
-1.7509288758285955 1.095893918818053 0.0 0.23 0.23 0.33 0.0 Cone_Blue
0.10255673870643456 1.2587053117761826 0.0 0.23 0.23 0.33 0.0 Cone_Blue
16.7297624193366 -3.9738054526278788 0.0 0.23 0.23 0.33 0.0 Cone_Blue
2.6558271420267303 3.920909131836428 0.0 0.23 0.23 0.33 0.0 Cone_Blue
-0.267906498895778 -15.522950376692439 0.0 0.23 0.23 0.33 0.0 Cone_Blue
26.922489163473536 20.533016645610854 0.0 0.23 0.23 0.33 0.0 Cone_Blue
40.74460001446897 11.427144810116175 0.0 0.23 0.23 0.33 0.0 Cone_Blue
-26.482320890572026 5.19310328687726 0.0 0.23 0.23 0.33 0.0 Cone_Blue
17.19694852175265 19.559217818616393 0.0 0.23 0.23 0.33 0.0 Cone_Blue
30.518722536916805 -2.4274259366354265 0.0 0.23 0.23 0.33 0.0 Cone_Blue
10.262734994248046 18.665390609382285 0.0 0.23 0.23 0.33 0.0 Cone_Blue
23.448412357956666 3.7295766426401826 0.0 0.23 0.23 0.33 0.0 Cone_Blue
19.196701262037113 0.4003738756955748 0.0 0.23 0.23 0.33 0.0 Cone_Blue
8.39691311716564 -15.335391065067537 0.0 0.23 0.23 0.33 0.0 Cone_Blue
-10.575881456317228 10.46981359201824 0.0 0.23 0.23 0.33 0.0 Cone_Blue
-3.6605142502445585 2.114536333156332 0.0 0.23 0.23 0.33 0.0 Cone_Blue
-16.255959834976238 -7.864324385532459 0.0 0.23 0.23 0.33 0.0 Cone_Blue
40.930033262786374 -4.668337671069406 0.0 0.23 0.23 0.33 0.0 Cone_Blue
24.744613692998897 3.3871671637308083 0.0 0.23 0.23 0.33 0.0 Cone_Blue
37.96346687541554 -5.400155999822399 0.0 0.23 0.23 0.33 0.0 Cone_Blue
-10.503395633866676 -11.334509233685047 0.0 0.23 0.23 0.33 0.0 Cone_Blue
28.46642132736794 -0.41428958127641735 0.0 0.23 0.23 0.33 0.0 Cone_Blue
2.6959119743280073 16.95662045634342 0.0 0.23 0.23 0.33 0.0 Cone_Blue
-13.703208313363652 -9.721827346403249 0.0 0.23 0.23 0.33 0.0 Cone_Blue
-25.336643149014385 1.944871485854323 0.0 0.23 0.23 0.33 0.0 Cone_Blue
