-9.542447531317007 -13.352206611560764 0.0 0.23 0.23 0.33 0.0 Cone_Yellow
-8.047414426855928 -15.349985702306512 0.0 0.23 0.23 0.33 0.0 Cone_Yellow
-3.280450885811725 26.706389768536006 0.0 0.23 0.23 0.33 0.0 Cone_Yellow
2.601743530139733 -2.6280203589184783 0.0 0.23 0.23 0.33 0.0 Cone_Yellow
1.99894390529358 -21.921312721572193 0.0 0.23 0.23 0.33 0.0 Cone_Yellow
3.521282535435165 22.10024495888372 0.0 0.23 0.23 0.33 0.0 Cone_Yellow
-1.781396096828297 -1.8331538741265252 0.0 0.23 0.23 0.33 0.0 Cone_Yellow
-12.044110258835481 8.990121770362675 0.0 0.23 0.23 0.33 0.0 Cone_Yellow
-13.102224679610512 4.743146614074236 0.0 0.23 0.23 0.33 0.0 Cone_Yellow
-18.647192771988824 -32.17660980487296 0.0 0.23 0.23 0.33 0.0 Cone_Yellow
-16.406296134272473 -7.8363526715060186 0.0 0.23 0.23 0.33 0.0 Cone_Yellow
1.9735318345099597 18.200130986754203 0.0 0.23 0.23 0.33 0.0 Cone_Yellow
-10.007676266016848 11.13805055666536 0.0 0.23 0.23 0.33 0.0 Cone_Yellow
1.6500869687892323 -23.987674135093243 0.0 0.23 0.23 0.33 0.0 Cone_Yellow
-17.63444762143547 -33.63880145476353 0.0 0.23 0.23 0.33 0.0 Cone_Yellow
-9.51037145824012 -22.320022852751674 0.0 0.23 0.23 0.33 0.0 Cone_Yellow
-6.1641115138251035 -2.5389991520361264 0.0 0.23 0.23 0.33 0.0 Cone_Yellow
2.8529345155029837 -4.510807005644075 0.0 0.23 0.23 0.33 0.0 Cone_Yellow
1.1037495520359815 -25.714063357695025 0.0 0.23 0.23 0.33 0.0 Cone_Yellow
2.748188964897798 24.108250599049462 0.0 0.23 0.23 0.33 0.0 Cone_Yellow
3.395521214764069 19.761514885096666 0.0 0.23 0.23 0.33 0.0 Cone_Yellow
2.4767791188265256 -11.449891235655954 0.0 0.23 0.23 0.33 0.0 Cone_Yellow
0.9235799563403595 26.444149700612662 0.0 0.23 0.23 0.33 0.0 Cone_Yellow
-23.986196881519266 -1.0948626160947992 0.0 0.23 0.23 0.33 0.0 Cone_Yellow
-2.3151934950234287 -30.904105725772972 0.0 0.23 0.23 0.33 0.0 Cone_Yellow
2.16519879076498 -19.133644373620704 0.0 0.23 0.23 0.33 0.0 Cone_Yellow
-0.32501108701210013 16.40897359533492 0.0 0.23 0.23 0.33 0.0 Cone_Yellow
-8.094597872909272 -1.6457247117914164 0.0 0.23 0.23 0.33 0.0 Cone_Yellow
-4.014875861391626 -2.4896628867259096 0.0 0.23 0.23 0.33 0.0 Cone_Yellow
-17.68973635575257 -29.02477132391759 0.0 0.23 0.23 0.33 0.0 Cone_Yellow
-18.848205356880737 -6.043795671854476 0.0 0.23 0.23 0.33 0.0 Cone_Yellow
-11.138569987186377 22.527592852879316 0.0 0.23 0.23 0.33 0.0 Cone_Yellow
-1.0020311910982405 27.01594804432621 0.0 0.23 0.23 0.33 0.0 Cone_Yellow
-23.142689768908944 6.850313565319533 0.0 0.23 0.23 0.33 0.0 Cone_Yellow
2.38562735970594 -14.930851908109938 0.0 0.23 0.23 0.33 0.0 Cone_Yellow
-7.362934683365376 -17.402284548581427 0.0 0.23 0.23 0.33 0.0 Cone_Yellow
-3.998191667452271 -32.12324411640727 0.0 0.23 0.23 0.33 0.0 Cone_Yellow
-21.57051671328849 9.423253957792577 0.0 0.23 0.23 0.33 0.0 Cone_Yellow
-8.957571414995103 24.457010390028174 0.0 0.23 0.23 0.33 0.0 Cone_Yellow
-3.106078483376646 14.98632092191045 0.0 0.23 0.23 0.33 0.0 Cone_Yellow
-12.049466524609825 2.5390580004713215 0.0 0.23 0.23 0.33 0.0 Cone_Yellow
-10.210606132583187 0.3062015213850504 0.0 0.23 0.23 0.33 0.0 Cone_Yellow
-19.94554555017581 11.649356880201973 0.0 0.23 0.23 0.33 0.0 Cone_Yellow
-15.017203451496808 -34.1450464265191 0.0 0.23 0.23 0.33 0.0 Cone_Yellow
2.301216425768369 -16.752262279064368 0.0 0.23 0.23 0.33 0.0 Cone_Yellow
-10.988463239643233 -11.802610917561958 0.0 0.23 0.23 0.33 0.0 Cone_Yellow
-21.05552122255519 -4.853123384276576 0.0 0.23 0.23 0.33 0.0 Cone_Yellow
-13.130057046556356 20.373799296273546 0.0 0.23 0.23 0.33 0.0 Cone_Yellow
-13.100698267788456 6.902302537690831 0.0 0.23 0.23 0.33 0.0 Cone_Yellow
-15.318639750667717 -26.68348621596681 0.0 0.23 0.23 0.33 0.0 Cone_Yellow
1.5496655785278075 -1.570344698271498 0.0 0.23 0.23 0.33 0.0 Cone_Yellow
-24.251221403173787 1.2496140452093556 0.0 0.23 0.23 0.33 0.0 Cone_Yellow
-0.8821088145124603 -29.47304496036555 0.0 0.23 0.23 0.33 0.0 Cone_Yellow
2.8432399050341237 -7.3114614628902785 0.0 0.23 0.23 0.33 0.0 Cone_Yellow
-18.829332469601365 -30.548434264488975 0.0 0.23 0.23 0.33 0.0 Cone_Yellow
-5.119306783163941 14.119942787957909 0.0 0.23 0.23 0.33 0.0 Cone_Yellow
-12.115145841066703 -34.30547430219118 0.0 0.23 0.23 0.33 0.0 Cone_Yellow
-7.69142986381496 -19.918279380025695 0.0 0.23 0.23 0.33 0.0 Cone_Yellow
-24.140314361037305 4.155801338110255 0.0 0.23 0.23 0.33 0.0 Cone_Yellow
-9.060975766435448 -33.68198273745554 0.0 0.23 0.23 0.33 0.0 Cone_Yellow
0.2858305326376587 -27.66950850043159 0.0 0.23 0.23 0.33 0.0 Cone_Yellow
-15.105733086757422 17.59211110810726 0.0 0.23 0.23 0.33 0.0 Cone_Yellow
-17.363369699085123 14.685861660155743 0.0 0.23 0.23 0.33 0.0 Cone_Yellow
-22.773313603312022 -3.0485377771070494 0.0 0.23 0.23 0.33 0.0 Cone_Yellow
-6.081946636423975 25.909679870404737 0.0 0.23 0.23 0.33 0.0 Cone_Yellow
-7.4798766222632 12.978092715347055 0.0 0.23 0.23 0.33 0.0 Cone_Yellow
-6.580374746288822 -33.42426528980756 0.0 0.23 0.23 0.33 0.0 Cone_Yellow
0.1004484631903062 -1.1981696188801596 0.0 0.23 0.23 0.33 0.0 Cone_Yellow
-13.783406082747241 -9.540802564882199 0.0 0.23 0.23 0.33 0.0 Cone_Yellow
-12.240760013361722 -24.553076020187707 0.0 0.23 0.23 0.33 0.0 Cone_Yellow
2.07769063989432 29.679477129486784 0.0 0.23 0.23 0.33 0.0 Cone_Blue
-8.899620669399138 3.796081630482737 0.0 0.23 0.23 0.33 0.0 Cone_Blue
-9.323392760996299 -37.26777006319645 0.0 0.23 0.23 0.33 0.0 Cone_Blue
-4.207513346808522 0.8100381517424715 0.0 0.23 0.23 0.33 0.0 Cone_Blue
-12.686233091068743 -37.298996030259396 0.0 0.23 0.23 0.33 0.0 Cone_Blue
-21.638593828884495 -28.36902395940207 0.0 0.23 0.23 0.33 0.0 Cone_Blue
-10.644509256071776 26.929565381991587 0.0 0.23 0.23 0.33 0.0 Cone_Blue
-7.640297100214289 28.640790220833892 0.0 0.23 0.23 0.33 0.0 Cone_Blue
-2.8035203333138594 -35.24757420425734 0.0 0.23 0.23 0.33 0.0 Cone_Blue
-24.158017601597855 -5.780704530404156 0.0 0.23 0.23 0.33 0.0 Cone_Blue
4.231006178152851 27.685415123360876 0.0 0.23 0.23 0.33 0.0 Cone_Blue
-14.872959086102394 -12.465352303702744 0.0 0.23 0.23 0.33 0.0 Cone_Blue
6.060169815215265 -5.0456840038671835 0.0 0.23 0.23 0.33 0.0 Cone_Blue
-16.416939787145633 -37.51898153768033 0.0 0.23 0.23 0.33 0.0 Cone_Blue
-22.709162630880343 13.847014811806487 0.0 0.23 0.23 0.33 0.0 Cone_Blue
6.275701114187301 -2.9512268416913336 0.0 0.23 0.23 0.33 0.0 Cone_Blue
-20.273759661455298 -8.59377143948716 0.0 0.23 0.23 0.33 0.0 Cone_Blue
5.778264288041609 -11.766831721624104 0.0 0.23 0.23 0.33 0.0 Cone_Blue
-20.23745928171242 -26.023042041440032 0.0 0.23 0.23 0.33 0.0 Cone_Blue
6.705991331483162 19.944723119650092 0.0 0.23 0.23 0.33 0.0 Cone_Blue
-21.8155866344828 -7.586437077861378 0.0 0.23 0.23 0.33 0.0 Cone_Blue
5.811977805203211 17.919494592833622 0.0 0.23 0.23 0.33 0.0 Cone_Blue
0.1349276317769439 -32.8578501636074 0.0 0.23 0.23 0.33 0.0 Cone_Blue
3.633991406821152 15.537758084237035 0.0 0.23 0.23 0.33 0.0 Cone_Blue
2.0874149250043974 2.509005556275673 0.0 0.23 0.23 0.33 0.0 Cone_Blue
5.728483562788602 24.9088549139204 0.0 0.23 0.23 0.33 0.0 Cone_Blue
-5.855716558413706 10.391191594161464 0.0 0.23 0.23 0.33 0.0 Cone_Blue
-6.124152166916792 0.9518509853824817 0.0 0.23 0.23 0.33 0.0 Cone_Blue
-24.360984443641858 11.113793182784507 0.0 0.23 0.23 0.33 0.0 Cone_Blue
-11.060444553712209 -17.33241255848308 0.0 0.23 0.23 0.33 0.0 Cone_Blue
3.836458003379735 1.6831518883666163 0.0 0.23 0.23 0.33 0.0 Cone_Blue
3.3489236482304223 -29.266524646692908 0.0 0.23 0.23 0.33 0.0 Cone_Blue
-13.234447033731534 24.877179826310936 0.0 0.23 0.23 0.33 0.0 Cone_Blue
0.14107404810748791 2.360615287044407 0.0 0.23 0.23 0.33 0.0 Cone_Blue
-11.914254079037285 -16.01271125021733 0.0 0.23 0.23 0.33 0.0 Cone_Blue
1.8290378869237713 -31.296248540001876 0.0 0.23 0.23 0.33 0.0 Cone_Blue
-27.17075276595757 4.894102375759283 0.0 0.23 0.23 0.33 0.0 Cone_Blue
5.29502353342462 -19.127001876461772 0.0 0.23 0.23 0.33 0.0 Cone_Blue
4.618000723787402 -27.15096456480164 0.0 0.23 0.23 0.33 0.0 Cone_Blue
-19.33460818304093 -36.71280936192267 0.0 0.23 0.23 0.33 0.0 Cone_Blue
-26.23427766938294 -3.387841433795038 0.0 0.23 0.23 0.33 0.0 Cone_Blue
6.808649226254598 21.954453523347354 0.0 0.23 0.23 0.33 0.0 Cone_Blue
5.334940572738958 -16.900426506490213 0.0 0.23 0.23 0.33 0.0 Cone_Blue
-27.487851401492573 1.9546045446731117 0.0 0.23 0.23 0.33 0.0 Cone_Blue
-3.6989378321985407 11.40365355861134 0.0 0.23 0.23 0.33 0.0 Cone_Blue
5.1082022644737295 -22.40283378758891 0.0 0.23 0.23 0.33 0.0 Cone_Blue
-13.586896742280384 -21.27953090771848 0.0 0.23 0.23 0.33 0.0 Cone_Blue
-1.3203907612164723 12.256972562766327 0.0 0.23 0.23 0.33 0.0 Cone_Blue
-2.07346088691061 1.3694241949437007 0.0 0.23 0.23 0.33 0.0 Cone_Blue
-9.36456118815752 6.79576102738981 0.0 0.23 0.23 0.33 0.0 Cone_Blue
-9.5150647653427 4.941235442174083 0.0 0.23 0.23 0.33 0.0 Cone_Blue
-17.46335883652548 -10.572234801571678 0.0 0.23 0.23 0.33 0.0 Cone_Blue
-7.3190335114137 1.9774598663617429 0.0 0.23 0.23 0.33 0.0 Cone_Blue
-25.996625038028053 8.122332994052352 0.0 0.23 0.23 0.33 0.0 Cone_Blue
4.985707133617057 -24.732582428079834 0.0 0.23 0.23 0.33 0.0 Cone_Blue
-6.310348423561322 -36.83079630909552 0.0 0.23 0.23 0.33 0.0 Cone_Blue
-1.1756257650486988 30.489013489404833 0.0 0.23 0.23 0.33 0.0 Cone_Blue
5.657617247544433 -14.98153316515317 0.0 0.23 0.23 0.33 0.0 Cone_Blue
-18.252630037876614 -24.425168126410007 0.0 0.23 0.23 0.33 0.0 Cone_Blue
5.939992914957602 -7.99565395724755 0.0 0.23 0.23 0.33 0.0 Cone_Blue
-10.99655610839484 -18.488219590519805 0.0 0.23 0.23 0.33 0.0 Cone_Blue
-13.565138721841848 -13.738164678785118 0.0 0.23 0.23 0.33 0.0 Cone_Blue
-27.26564297511893 -0.45110686108173326 0.0 0.23 0.23 0.33 0.0 Cone_Blue
1.3572409561484435 13.92269002000918 0.0 0.23 0.23 0.33 0.0 Cone_Blue
-8.039941379866148 8.507348312325755 0.0 0.23 0.23 0.33 0.0 Cone_Blue
-15.763860545607294 22.598621620370835 0.0 0.23 0.23 0.33 0.0 Cone_Blue
-22.2087411218564 -34.3128504394368 0.0 0.23 0.23 0.33 0.0 Cone_Blue
-11.551607633838696 -19.708588369338198 0.0 0.23 0.23 0.33 0.0 Cone_Blue
-22.43240701942299 -31.265548720990964 0.0 0.23 0.23 0.33 0.0 Cone_Blue
-20.150099045632793 17.509899817292073 0.0 0.23 0.23 0.33 0.0 Cone_Blue
-15.923669323812089 -22.73976009500398 0.0 0.23 0.23 0.33 0.0 Cone_Blue
5.525129091578984 -0.2493907252911285 0.0 0.23 0.23 0.33 0.0 Cone_Blue
-18.02336778881727 20.39374416377131 0.0 0.23 0.23 0.33 0.0 Cone_Blue
-4.570043153596348 29.90461814975653 0.0 0.23 0.23 0.33 0.0 Cone_Blue
