-6.15247514692156 -20.187631339935958 0.0 0.23 0.23 0.33 0.0 Cone_Yellow
-6.298962014129906 -17.69669037785137 0.0 0.23 0.23 0.33 0.0 Cone_Yellow
-33.45464062141315 -50.16254595758417 0.0 0.23 0.23 0.33 0.0 Cone_Yellow
-22.196209819439574 -22.443318613555853 0.0 0.23 0.23 0.33 0.0 Cone_Yellow
-11.060351959084857 -6.676671306898591 0.0 0.23 0.23 0.33 0.0 Cone_Yellow
-36.59167086131232 -42.57049822227904 0.0 0.23 0.23 0.33 0.0 Cone_Yellow
-18.976860610083985 -25.52220094101894 0.0 0.23 0.23 0.33 0.0 Cone_Yellow
-16.378259310547577 -40.209401795290105 0.0 0.23 0.23 0.33 0.0 Cone_Yellow
-13.154758153196456 -37.24875247560713 0.0 0.23 0.23 0.33 0.0 Cone_Yellow
11.819230066823845 -9.49780658963464 0.0 0.23 0.23 0.33 0.0 Cone_Yellow
-3.4649706084582483 -28.57299845700664 0.0 0.23 0.23 0.33 0.0 Cone_Yellow
-33.15076471446014 -40.16912650670289 0.0 0.23 0.23 0.33 0.0 Cone_Yellow
-19.261277032824125 -40.879379624157835 0.0 0.23 0.23 0.33 0.0 Cone_Yellow
-9.630448719520023 -5.144702841518868 0.0 0.23 0.23 0.33 0.0 Cone_Yellow
11.780006256845397 -7.719571888109048 0.0 0.23 0.23 0.33 0.0 Cone_Yellow
-1.2369226329784588 -12.686958003968105 0.0 0.23 0.23 0.33 0.0 Cone_Yellow
-14.930797324440313 -27.348613783531576 0.0 0.23 0.23 0.33 0.0 Cone_Yellow
-21.36817448912252 -20.733833322609275 0.0 0.23 0.23 0.33 0.0 Cone_Yellow
-8.22312678499107 -4.005251529064546 0.0 0.23 0.23 0.33 0.0 Cone_Yellow
-37.05322647724967 -44.6720992151272 0.0 0.23 0.23 0.33 0.0 Cone_Yellow
-35.197817767139455 -40.688305931444326 0.0 0.23 0.23 0.33 0.0 Cone_Yellow
-17.230051350201705 -15.150973865236514 0.0 0.23 0.23 0.33 0.0 Cone_Yellow
-36.818076045747866 -47.62681187820583 0.0 0.23 0.23 0.33 0.0 Cone_Yellow
-0.8554413471604505 -38.375699132828146 0.0 0.23 0.23 0.33 0.0 Cone_Yellow
-2.5099439122065057 -1.5587738971207887 0.0 0.23 0.23 0.33 0.0 Cone_Yellow
-12.735411611547473 -8.911153498773368 0.0 0.23 0.23 0.33 0.0 Cone_Yellow
-30.24565884974615 -39.941301403346124 0.0 0.23 0.23 0.33 0.0 Cone_Yellow
-13.81224463371316 -29.1579110742695 0.0 0.23 0.23 0.33 0.0 Cone_Yellow
-16.751369481403728 -26.205300625181913 0.0 0.23 0.23 0.33 0.0 Cone_Yellow
9.28326939880635 -11.600117720103027 0.0 0.23 0.23 0.33 0.0 Cone_Yellow
-2.4152825119647616 -31.414536095071448 0.0 0.23 0.23 0.33 0.0 Cone_Yellow
-24.594600351964782 -51.00638592905059 0.0 0.23 0.23 0.33 0.0 Cone_Yellow
-35.52642036460119 -49.16517374667985 0.0 0.23 0.23 0.33 0.0 Cone_Yellow
-5.938010344077874 -44.54050417389082 0.0 0.23 0.23 0.33 0.0 Cone_Yellow
-15.235574520905557 -12.296598622952688 0.0 0.23 0.23 0.33 0.0 Cone_Yellow
-5.739053805395226 -15.606966503397672 0.0 0.23 0.23 0.33 0.0 Cone_Yellow
-0.43371523553747693 -1.4690200888762543 0.0 0.23 0.23 0.33 0.0 Cone_Yellow
-8.667867010752826 -45.82098570809917 0.0 0.23 0.23 0.33 0.0 Cone_Yellow
-27.47782148045696 -51.414359860539165 0.0 0.23 0.23 0.33 0.0 Cone_Yellow
-27.14101040751008 -40.28689443343326 0.0 0.23 0.23 0.33 0.0 Cone_Yellow
-12.818497759068917 -34.82940642824729 0.0 0.23 0.23 0.33 0.0 Cone_Yellow
-13.122328502392508 -31.95282121710312 0.0 0.23 0.23 0.33 0.0 Cone_Yellow
-11.2506317972415 -46.78295845188225 0.0 0.23 0.23 0.33 0.0 Cone_Yellow
9.875105126899975 -5.854738731593871 0.0 0.23 0.23 0.33 0.0 Cone_Yellow
-14.161329121890738 -10.82328339263568 0.0 0.23 0.23 0.33 0.0 Cone_Yellow
-5.799888186382018 -22.277581262504278 0.0 0.23 0.23 0.33 0.0 Cone_Yellow
-1.2296366359288982 -33.62455593296958 0.0 0.23 0.23 0.33 0.0 Cone_Yellow
-21.7458554271808 -50.306743344846275 0.0 0.23 0.23 0.33 0.0 Cone_Yellow
-14.345979778045063 -39.04957108749304 0.0 0.23 0.23 0.33 0.0 Cone_Yellow
6.014437878622342 -12.246999131188952 0.0 0.23 0.23 0.33 0.0 Cone_Yellow
-21.901229909585908 -23.90569088906428 0.0 0.23 0.23 0.33 0.0 Cone_Yellow
-1.9263788927304937 -40.47805533146968 0.0 0.23 0.23 0.33 0.0 Cone_Yellow
-4.494431873718547 -1.963093259033469 0.0 0.23 0.23 0.33 0.0 Cone_Yellow
-19.816596222886556 -18.40223210067844 0.0 0.23 0.23 0.33 0.0 Cone_Yellow
11.073896975998238 -10.956781929889372 0.0 0.23 0.23 0.33 0.0 Cone_Yellow
-24.983640755589274 -40.67348910880608 0.0 0.23 0.23 0.33 0.0 Cone_Yellow
7.54196198295687 -4.121499409567273 0.0 0.23 0.23 0.33 0.0 Cone_Yellow
-4.07834027664833 -13.68858967626753 0.0 0.23 0.23 0.33 0.0 Cone_Yellow
-3.620572590901162 -42.841936180094024 0.0 0.23 0.23 0.33 0.0 Cone_Yellow
4.649860483162932 -2.9585525101091523 0.0 0.23 0.23 0.33 0.0 Cone_Yellow
-6.462952941653482 -2.82434286630704 0.0 0.23 0.23 0.33 0.0 Cone_Yellow
-18.564260132545236 -49.07445426627694 0.0 0.23 0.23 0.33 0.0 Cone_Yellow
-15.07874123139958 -47.893621121079306 0.0 0.23 0.23 0.33 0.0 Cone_Yellow
-0.7908009741568947 -36.07705733744354 0.0 0.23 0.23 0.33 0.0 Cone_Yellow
-30.67791401448756 -51.04170149153157 0.0 0.23 0.23 0.33 0.0 Cone_Yellow
-22.384622327815457 -41.02164821852266 0.0 0.23 0.23 0.33 0.0 Cone_Yellow
2.4379453819925523 -1.8064972643899662 0.0 0.23 0.23 0.33 0.0 Cone_Yellow
-20.897074865886964 -25.01493260542779 0.0 0.23 0.23 0.33 0.0 Cone_Yellow
-4.714231490415511 -25.705238196763204 0.0 0.23 0.23 0.33 0.0 Cone_Yellow
2.2720636151447664 -12.328400308447247 0.0 0.23 0.23 0.33 0.0 Cone_Yellow
-39.564142706343674 -49.690408965207745 0.0 0.23 0.23 0.33 0.0 Cone_Blue
-16.139584206396925 -34.142367763127744 0.0 0.23 0.23 0.33 0.0 Cone_Blue
6.845017565866932 -0.11109420370096323 0.0 0.23 0.23 0.33 0.0 Cone_Blue
-18.4091493603561 -29.06482891093075 0.0 0.23 0.23 0.33 0.0 Cone_Blue
9.66827437286111 -1.938357498451289 0.0 0.23 0.23 0.33 0.0 Cone_Blue
12.216912421101142 -14.32357481852041 0.0 0.23 0.23 0.33 0.0 Cone_Blue
-27.43286111603191 -54.40722905807694 0.0 0.23 0.23 0.33 0.0 Cone_Blue
-30.882744841822998 -54.17944976798554 0.0 0.23 0.23 0.33 0.0 Cone_Blue
0.2912897440203892 1.7964118693910667 0.0 0.23 0.23 0.33 0.0 Cone_Blue
1.8703786737960222 -34.56039547268528 0.0 0.23 0.23 0.33 0.0 Cone_Blue
-40.261967321305136 -46.839778877256244 0.0 0.23 0.23 0.33 0.0 Cone_Blue
-2.193308483464204 -23.865383823455595 0.0 0.23 0.23 0.33 0.0 Cone_Blue
-23.74960104937606 -18.519954552426118 0.0 0.23 0.23 0.33 0.0 Cone_Blue
12.902517749552175 -3.8108520527713203 0.0 0.23 0.23 0.33 0.0 Cone_Blue
-10.155759790199234 -50.13982232182118 0.0 0.23 0.23 0.33 0.0 Cone_Blue
-25.08373771337418 -20.148844943705484 0.0 0.23 0.23 0.33 0.0 Cone_Blue
0.1795751854267955 -30.072412769481453 0.0 0.23 0.23 0.33 0.0 Cone_Blue
-19.810231184921765 -13.06700466808008 0.0 0.23 0.23 0.33 0.0 Cone_Blue
9.754855766577833 -15.508938141979273 0.0 0.23 0.23 0.33 0.0 Cone_Blue
-38.06113544950709 -39.01672299879062 0.0 0.23 0.23 0.33 0.0 Cone_Blue
0.9109592754248155 -31.762687967123817 0.0 0.23 0.23 0.33 0.0 Cone_Blue
-36.199007407587494 -37.8195221273829 0.0 0.23 0.23 0.33 0.0 Cone_Blue
-3.4776510823783795 1.4217887506288722 0.0 0.23 0.23 0.33 0.0 Cone_Blue
-33.069018960522556 -37.0324605864859 0.0 0.23 0.23 0.33 0.0 Cone_Blue
-24.598142989984233 -27.013251458978644 0.0 0.23 0.23 0.33 0.0 Cone_Blue
-39.98129410260631 -43.69765417278493 0.0 0.23 0.23 0.33 0.0 Cone_Blue
-22.314181048946608 -37.9679633379192 0.0 0.23 0.23 0.33 0.0 Cone_Blue
-16.888008033212753 -30.239454089184477 0.0 0.23 0.23 0.33 0.0 Cone_Blue
-7.271108237417728 -48.76949345855384 0.0 0.23 0.23 0.33 0.0 Cone_Blue
-2.6922562341431657 -17.703030886026482 0.0 0.23 0.23 0.33 0.0 Cone_Blue
-25.602451099939792 -25.360208449529402 0.0 0.23 0.23 0.33 0.0 Cone_Blue
-8.13874010642828 0.1963751583664255 0.0 0.23 0.23 0.33 0.0 Cone_Blue
-24.14063993515491 -54.122020612373426 0.0 0.23 0.23 0.33 0.0 Cone_Blue
-22.892281520899438 -27.962092398954482 0.0 0.23 0.23 0.33 0.0 Cone_Blue
-2.707123860232972 -19.27477552249534 0.0 0.23 0.23 0.33 0.0 Cone_Blue
-5.751889364843539 1.052398141637557 0.0 0.23 0.23 0.33 0.0 Cone_Blue
-1.4987807690377153 -45.12812182716704 0.0 0.23 0.23 0.33 0.0 Cone_Blue
-15.35068534915913 -7.191795967632234 0.0 0.23 0.23 0.33 0.0 Cone_Blue
-10.363614893620317 -0.8694969095259779 0.0 0.23 0.23 0.33 0.0 Cone_Blue
14.892806183913052 -6.091521777527934 0.0 0.23 0.23 0.33 0.0 Cone_Blue
2.2841199217403414 -37.70132970439759 0.0 0.23 0.23 0.33 0.0 Cone_Blue
-39.25439302806262 -40.63712149611276 0.0 0.23 0.23 0.33 0.0 Cone_Blue
-16.611097198710322 -9.027713508727846 0.0 0.23 0.23 0.33 0.0 Cone_Blue
0.38582294809956963 -42.85008146910251 0.0 0.23 0.23 0.33 0.0 Cone_Blue
-24.671842485219265 -37.62415197216064 0.0 0.23 0.23 0.33 0.0 Cone_Blue
-13.38942920251446 -4.561310988823234 0.0 0.23 0.23 0.33 0.0 Cone_Blue
1.5912106149018257 -15.801816622161335 0.0 0.23 0.23 0.33 0.0 Cone_Blue
-27.126847184483214 -37.02532694068537 0.0 0.23 0.23 0.33 0.0 Cone_Blue
-20.498149438650472 -28.355483212550354 0.0 0.23 0.23 0.33 0.0 Cone_Blue
-17.404799765729727 -36.90162051679753 0.0 0.23 0.23 0.33 0.0 Cone_Blue
-16.257154460434904 -35.43709782110449 0.0 0.23 0.23 0.33 0.0 Cone_Blue
-1.075136376015653 -26.872667628152282 0.0 0.23 0.23 0.33 0.0 Cone_Blue
-16.45619644121112 -31.753770355089088 0.0 0.23 0.23 0.33 0.0 Cone_Blue
-4.2576390347123585 -47.174765400507674 0.0 0.23 0.23 0.33 0.0 Cone_Blue
-12.003251330374834 -2.68481300274828 0.0 0.23 0.23 0.33 0.0 Cone_Blue
4.090025698291644 1.1848232515083001 0.0 0.23 0.23 0.33 0.0 Cone_Blue
-37.29563428383111 -52.15886724633997 0.0 0.23 0.23 0.33 0.0 Cone_Blue
-17.937882709207532 -10.451058899357195 0.0 0.23 0.23 0.33 0.0 Cone_Blue
7.2180431789729695 -15.748375129282197 0.0 0.23 0.23 0.33 0.0 Cone_Blue
-22.023542946594834 -16.124649010532607 0.0 0.23 0.23 0.33 0.0 Cone_Blue
-2.1085814093652715 -16.703383284283195 0.0 0.23 0.23 0.33 0.0 Cone_Blue
-2.5831214444502812 -22.082551441321844 0.0 0.23 0.23 0.33 0.0 Cone_Blue
1.5262349564303825 -40.72022598015842 0.0 0.23 0.23 0.33 0.0 Cone_Blue
-30.279143195593612 -36.93955911723368 0.0 0.23 0.23 0.33 0.0 Cone_Blue
-19.453384603708706 -37.599795875912214 0.0 0.23 0.23 0.33 0.0 Cone_Blue
-20.774274252135843 -53.614731444237336 0.0 0.23 0.23 0.33 0.0 Cone_Blue
15.96840414773905 -9.6780984182561 0.0 0.23 0.23 0.33 0.0 Cone_Blue
-0.9728647446280902 -15.990972019878638 0.0 0.23 0.23 0.33 0.0 Cone_Blue
14.475616844029688 -12.344117972359447 0.0 0.23 0.23 0.33 0.0 Cone_Blue
-14.309792615421081 -51.785891665357646 0.0 0.23 0.23 0.33 0.0 Cone_Blue
4.345836150987516 -15.871196252770208 0.0 0.23 0.23 0.33 0.0 Cone_Blue
-25.946467838266685 -22.81698539964289 0.0 0.23 0.23 0.33 0.0 Cone_Blue
-17.67373260514283 -53.020173561436174 0.0 0.23 0.23 0.33 0.0 Cone_Blue
-34.141167549764894 -53.54195326837437 0.0 0.23 0.23 0.33 0.0 Cone_Blue
