-22.07297940089525 -31.361149630443553 0.0 0.23 0.23 0.33 0.0 Cone_Yellow
-22.082489477624108 -33.856376040470515 0.0 0.23 0.23 0.33 0.0 Cone_Yellow
7.0495439031969 -3.151534561562684 0.0 0.23 0.23 0.33 0.0 Cone_Yellow
-5.919616971571573 -30.112778874040718 0.0 0.23 0.23 0.33 0.0 Cone_Yellow
-18.019280498112327 -45.15248100284121 0.0 0.23 0.23 0.33 0.0 Cone_Yellow
9.705854829367537 -10.92483243342506 0.0 0.23 0.23 0.33 0.0 Cone_Yellow
-8.940206996160876 -26.83867416870606 0.0 0.23 0.23 0.33 0.0 Cone_Yellow
-10.615619015523594 -12.017756781005971 0.0 0.23 0.23 0.33 0.0 Cone_Yellow
-14.017888208096377 -14.771112632844495 0.0 0.23 0.23 0.33 0.0 Cone_Yellow
-40.677765649985105 -40.90664438491257 0.0 0.23 0.23 0.33 0.0 Cone_Yellow
-24.23105281734214 -22.824184041808653 0.0 0.23 0.23 0.33 0.0 Cone_Yellow
6.121566661067357 -13.106414326088647 0.0 0.23 0.23 0.33 0.0 Cone_Yellow
-7.696358846703902 -11.529308682557645 0.0 0.23 0.23 0.33 0.0 Cone_Yellow
-19.542151685577153 -46.59206913832489 0.0 0.23 0.23 0.33 0.0 Cone_Yellow
-40.74977724298105 -42.68385328975556 0.0 0.23 0.23 0.33 0.0 Cone_Yellow
-27.447790865960393 -38.53987923429658 0.0 0.23 0.23 0.33 0.0 Cone_Yellow
-12.864187029247645 -24.762911012017632 0.0 0.23 0.23 0.33 0.0 Cone_Yellow
-6.852894027228196 -31.767159847577613 0.0 0.23 0.23 0.33 0.0 Cone_Yellow
-21.01794920912257 -47.64131934221213 0.0 0.23 0.23 0.33 0.0 Cone_Yellow
10.297880323548084 -8.85619371823482 0.0 0.23 0.23 0.33 0.0 Cone_Yellow
8.197070547955429 -12.716212979254632 0.0 0.23 0.23 0.33 0.0 Cone_Yellow
-11.331912656090719 -37.08042390613435 0.0 0.23 0.23 0.33 0.0 Cone_Yellow
10.247890928683782 -5.892560187044801 0.0 0.23 0.23 0.33 0.0 Cone_Yellow
-26.222704943028127 -12.877531071307907 0.0 0.23 0.23 0.33 0.0 Cone_Yellow
-26.872889800255358 -49.725877332718895 0.0 0.23 0.23 0.33 0.0 Cone_Yellow
-16.20781772811042 -43.027077949768525 0.0 0.23 0.23 0.33 0.0 Cone_Yellow
3.2079008233012587 -13.152193674597282 0.0 0.23 0.23 0.33 0.0 Cone_Yellow
-13.867451722799359 -22.887230665349485 0.0 0.23 0.23 0.33 0.0 Cone_Yellow
-11.118644680106769 -26.017793422493472 0.0 0.23 0.23 0.33 0.0 Cone_Yellow
-38.01534763911319 -38.96696942904809 0.0 0.23 0.23 0.33 0.0 Cone_Yellow
-25.101061530759416 -19.922586880409945 0.0 0.23 0.23 0.33 0.0 Cone_Yellow
-1.7404197057921955 -1.755497589868007 0.0 0.23 0.23 0.33 0.0 Cone_Yellow
9.054925420875621 -4.276464603796896 0.0 0.23 0.23 0.33 0.0 Cone_Yellow
-20.764709689939743 -7.042497513563564 0.0 0.23 0.23 0.33 0.0 Cone_Yellow
-13.50091786419069 -39.80454069026775 0.0 0.23 0.23 0.33 0.0 Cone_Yellow
-22.7719327688743 -35.9070127761749 0.0 0.23 0.23 0.33 0.0 Cone_Yellow
-28.950668557081656 -49.68566910472251 0.0 0.23 0.23 0.33 0.0 Cone_Yellow
-17.9601480258471 -5.935165471066746 0.0 0.23 0.23 0.33 0.0 Cone_Yellow
1.1626654248877983 -1.528553701246473 0.0 0.23 0.23 0.33 0.0 Cone_Yellow
0.13092742252048062 -12.613202781157288 0.0 0.23 0.23 0.33 0.0 Cone_Yellow
-14.50472598629766 -17.164707278403867 0.0 0.23 0.23 0.33 0.0 Cone_Yellow
-14.38130679654757 -20.054659406236325 0.0 0.23 0.23 0.33 0.0 Cone_Yellow
-15.322300780323085 -5.136524493287119 0.0 0.23 0.23 0.33 0.0 Cone_Yellow
-38.965173562384216 -44.664116080323005 0.0 0.23 0.23 0.33 0.0 Cone_Yellow
-14.665160318634527 -41.20782271910555 0.0 0.23 0.23 0.33 0.0 Cone_Yellow
-22.294232576136913 -29.25324657858578 0.0 0.23 0.23 0.33 0.0 Cone_Yellow
-26.146238748867184 -17.642773640249107 0.0 0.23 0.23 0.33 0.0 Cone_Yellow
-4.627328469205596 -2.2756948446103706 0.0 0.23 0.23 0.33 0.0 Cone_Yellow
-12.716425833895586 -13.048279988342621 0.0 0.23 0.23 0.33 0.0 Cone_Yellow
-34.71247198398018 -38.52569006845361 0.0 0.23 0.23 0.33 0.0 Cone_Yellow
-6.122606075470513 -28.63482716877722 0.0 0.23 0.23 0.33 0.0 Cone_Yellow
-25.02244208272255 -10.846231517167958 0.0 0.23 0.23 0.33 0.0 Cone_Yellow
-24.867008628326023 -49.44640042865869 0.0 0.23 0.23 0.33 0.0 Cone_Yellow
-8.547187882678049 -33.99721090209409 0.0 0.23 0.23 0.33 0.0 Cone_Yellow
-39.84268864446697 -39.49711366349997 0.0 0.23 0.23 0.33 0.0 Cone_Yellow
-1.9980567453677525 -12.092505488158011 0.0 0.23 0.23 0.33 0.0 Cone_Yellow
-36.744939360832376 -46.53981210255245 0.0 0.23 0.23 0.33 0.0 Cone_Yellow
-24.549317504911528 -37.71782545989864 0.0 0.23 0.23 0.33 0.0 Cone_Yellow
-23.183793887204537 -8.59287895564269 0.0 0.23 0.23 0.33 0.0 Cone_Yellow
-33.93119058418382 -47.88127190365658 0.0 0.23 0.23 0.33 0.0 Cone_Yellow
-22.848500094763146 -48.70988879883441 0.0 0.23 0.23 0.33 0.0 Cone_Yellow
-7.879732749225141 -3.306690184715727 0.0 0.23 0.23 0.33 0.0 Cone_Yellow
-11.432249704186692 -4.2673317472934045 0.0 0.23 0.23 0.33 0.0 Cone_Yellow
-26.430908601969122 -15.167636684094042 0.0 0.23 0.23 0.33 0.0 Cone_Yellow
4.333204383639265 -2.10052327857462 0.0 0.23 0.23 0.33 0.0 Cone_Yellow
-4.570228587954084 -11.582560818813825 0.0 0.23 0.23 0.33 0.0 Cone_Yellow
-31.795617116599118 -49.1693424252209 0.0 0.23 0.23 0.33 0.0 Cone_Yellow
-7.055457812891602 -27.464984370321996 0.0 0.23 0.23 0.33 0.0 Cone_Yellow
-23.16350081859306 -25.76442797580239 0.0 0.23 0.23 0.33 0.0 Cone_Yellow
-30.9723282602059 -38.67838651605546 0.0 0.23 0.23 0.33 0.0 Cone_Yellow
13.117583984678733 -4.004657433645413 0.0 0.23 0.23 0.33 0.0 Cone_Blue
-11.2330818745873 -18.058005730381687 0.0 0.23 0.23 0.33 0.0 Cone_Blue
-36.300051191607615 -50.58594061665532 0.0 0.23 0.23 0.33 0.0 Cone_Blue
-9.285355821730537 -23.26748651129054 0.0 0.23 0.23 0.33 0.0 Cone_Blue
-39.003563033755235 -48.58576715769024 0.0 0.23 0.23 0.33 0.0 Cone_Blue
-40.77300811319129 -36.06545453870438 0.0 0.23 0.23 0.33 0.0 Cone_Blue
1.304879332837782 1.4612728275550353 0.0 0.23 0.23 0.33 0.0 Cone_Blue
4.7337774575710885 1.0182843664489596 0.0 0.23 0.23 0.33 0.0 Cone_Blue
-29.87838007157719 -52.89939427037213 0.0 0.23 0.23 0.33 0.0 Cone_Blue
-29.181691356763693 -16.514980206220308 0.0 0.23 0.23 0.33 0.0 Cone_Blue
13.635848982725962 -6.893334030874602 0.0 0.23 0.23 0.33 0.0 Cone_Blue
-25.794504222510383 -27.44309947747597 0.0 0.23 0.23 0.33 0.0 Cone_Blue
-4.614515945016964 -34.125573558533574 0.0 0.23 0.23 0.33 0.0 Cone_Blue
-42.114430239048204 -46.5147598407884 0.0 0.23 0.23 0.33 0.0 Cone_Blue
-16.20519163529238 -1.7177844488675902 0.0 0.23 0.23 0.33 0.0 Cone_Blue
-3.18116538458659 -32.583266612449165 0.0 0.23 0.23 0.33 0.0 Cone_Blue
-27.774741515291318 -21.099879040886037 0.0 0.23 0.23 0.33 0.0 Cone_Blue
-8.887049264290734 -39.321606314959915 0.0 0.23 0.23 0.33 0.0 Cone_Blue
-38.241668628900555 -35.036314317959565 0.0 0.23 0.23 0.33 0.0 Cone_Blue
10.950296606307157 -14.563514774444396 0.0 0.23 0.23 0.33 0.0 Cone_Blue
-28.399034950241955 -19.36719019462867 0.0 0.23 0.23 0.33 0.0 Cone_Blue
9.01697247719362 -15.64197134880894 0.0 0.23 0.23 0.33 0.0 Cone_Blue
-26.093392232983753 -52.76110292680251 0.0 0.23 0.23 0.33 0.0 Cone_Blue
5.843905601150192 -16.23183586552029 0.0 0.23 0.23 0.33 0.0 Cone_Blue
-3.2367115835197966 -25.701929993587036 0.0 0.23 0.23 0.33 0.0 Cone_Blue
13.159308269286273 -10.01176858407242 0.0 0.23 0.23 0.33 0.0 Cone_Blue
-4.831420078310805 -14.625870255785376 0.0 0.23 0.23 0.33 0.0 Cone_Blue
-10.73009560352205 -22.000070948248947 0.0 0.23 0.23 0.33 0.0 Cone_Blue
-19.169861871460185 -2.9051117690489363 0.0 0.23 0.23 0.33 0.0 Cone_Blue
-25.681745251570092 -33.62459023600835 0.0 0.23 0.23 0.33 0.0 Cone_Blue
-2.337700477699796 -27.414520137907566 0.0 0.23 0.23 0.33 0.0 Cone_Blue
-21.364817469891545 -51.82945381256072 0.0 0.23 0.23 0.33 0.0 Cone_Blue
-1.9987318101054754 1.3824212103433169 0.0 0.23 0.23 0.33 0.0 Cone_Blue
-4.879924179320854 -24.64831011617246 0.0 0.23 0.23 0.33 0.0 Cone_Blue
-25.568655847591785 -32.056848855779464 0.0 0.23 0.23 0.33 0.0 Cone_Blue
-23.800510827299558 -52.534598960151285 0.0 0.23 0.23 0.33 0.0 Cone_Blue
-25.158525046905925 -6.178529727566158 0.0 0.23 0.23 0.33 0.0 Cone_Blue
-13.705136936969062 -44.90655551020521 0.0 0.23 0.23 0.33 0.0 Cone_Blue
-19.07766547672297 -50.904744753482646 0.0 0.23 0.23 0.33 0.0 Cone_Blue
-43.95825999737755 -44.11413611607201 0.0 0.23 0.23 0.33 0.0 Cone_Blue
-29.398281456651176 -13.354325464426545 0.0 0.23 0.23 0.33 0.0 Cone_Blue
12.242512765159683 -13.02087666467773 0.0 0.23 0.23 0.33 0.0 Cone_Blue
-12.332425595238826 -43.15301770893693 0.0 0.23 0.23 0.33 0.0 Cone_Blue
-27.181844926359936 -8.334307014074362 0.0 0.23 0.23 0.33 0.0 Cone_Blue
-2.4998614233778698 -15.116388290030116 0.0 0.23 0.23 0.33 0.0 Cone_Blue
-15.826990895622032 -47.40929654248163 0.0 0.23 0.23 0.33 0.0 Cone_Blue
-30.075681129459895 -35.25432378017577 0.0 0.23 0.23 0.33 0.0 Cone_Blue
-0.08709096255645754 -15.86750625354654 0.0 0.23 0.23 0.33 0.0 Cone_Blue
-7.244782908465796 -24.106029791375065 0.0 0.23 0.23 0.33 0.0 Cone_Blue
-9.797857888922437 -15.383238772087122 0.0 0.23 0.23 0.33 0.0 Cone_Blue
-11.034807073524618 -16.773157182526116 0.0 0.23 0.23 0.33 0.0 Cone_Blue
-26.722502103687873 -24.37179931689299 0.0 0.23 0.23 0.33 0.0 Cone_Blue
-11.06640173190907 -20.46172339578247 0.0 0.23 0.23 0.33 0.0 Cone_Blue
-22.277125178427724 -4.308346943902599 0.0 0.23 0.23 0.33 0.0 Cone_Blue
-17.327759010513137 -49.19547370342595 0.0 0.23 0.23 0.33 0.0 Cone_Blue
-33.63145598331354 -52.05154010334735 0.0 0.23 0.23 0.33 0.0 Cone_Blue
11.007817148492373 -1.3992206860675864 0.0 0.23 0.23 0.33 0.0 Cone_Blue
-10.919260573112934 -41.81539425215581 0.0 0.23 0.23 0.33 0.0 Cone_Blue
-35.69484992786701 -34.955923525047695 0.0 0.23 0.23 0.33 0.0 Cone_Blue
-6.486930607252006 -36.40829748968463 0.0 0.23 0.23 0.33 0.0 Cone_Blue
-26.326767249465014 -34.58579690004177 0.0 0.23 0.23 0.33 0.0 Cone_Blue
-25.516899718060202 -29.246812643820995 0.0 0.23 0.23 0.33 0.0 Cone_Blue
-28.453165377632992 -10.388709180814182 0.0 0.23 0.23 0.33 0.0 Cone_Blue
3.0536786775312095 -16.150158564886436 0.0 0.23 0.23 0.33 0.0 Cone_Blue
-7.709636051626463 -14.814487307286804 0.0 0.23 0.23 0.33 0.0 Cone_Blue
-5.390224871349496 1.0865580199152092 0.0 0.23 0.23 0.33 0.0 Cone_Blue
-44.80755499781 -40.46733738542563 0.0 0.23 0.23 0.33 0.0 Cone_Blue
-27.504796111741186 -35.22582045574621 0.0 0.23 0.23 0.33 0.0 Cone_Blue
-43.151032403613264 -37.899846958589926 0.0 0.23 0.23 0.33 0.0 Cone_Blue
-11.956385933425752 -0.33460582535693106 0.0 0.23 0.23 0.33 0.0 Cone_Blue
-32.820582458468074 -35.01288627023183 0.0 0.23 0.23 0.33 0.0 Cone_Blue
-2.153335183492521 -29.974274117495256 0.0 0.23 0.23 0.33 0.0 Cone_Blue
-8.521868998536272 0.6869799406919768 0.0 0.23 0.23 0.33 0.0 Cone_Blue
7.945977297107449 0.17834834416483147 0.0 0.23 0.23 0.33 0.0 Cone_Blue
