-16.392586002536923 -15.197805187639656 0.0 0.23 0.23 0.33 0.0 Cone_Yellow
-18.48820129063538 -16.55229470149476 0.0 0.23 0.23 0.33 0.0 Cone_Yellow
23.142180718535922 -24.192579572924245 0.0 0.23 0.23 0.33 0.0 Cone_Yellow
-6.526595450774963 -28.04894434924985 0.0 0.23 0.23 0.33 0.0 Cone_Yellow
-25.733109361163585 -26.124283083313678 0.0 0.23 0.23 0.33 0.0 Cone_Yellow
18.08036817101961 -30.66237101276216 0.0 0.23 0.23 0.33 0.0 Cone_Yellow
-5.432971646342374 -23.730644603687793 0.0 0.23 0.23 0.33 0.0 Cone_Yellow
6.068711451078315 -14.234440963592283 0.0 0.23 0.23 0.33 0.0 Cone_Yellow
1.9043110736481985 -12.88752834502967 0.0 0.23 0.23 0.33 0.0 Cone_Yellow
-34.54818664199625 -4.823379569689411 0.0 0.23 0.23 0.33 0.0 Cone_Yellow
-10.418946269443452 -8.728439633621385 0.0 0.23 0.23 0.33 0.0 Cone_Yellow
14.29559514435699 -28.850765546756552 0.0 0.23 0.23 0.33 0.0 Cone_Yellow
8.07190789191085 -16.413400691896328 0.0 0.23 0.23 0.33 0.0 Cone_Yellow
-27.770677421410085 -25.634520841711456 0.0 0.23 0.23 0.33 0.0 Cone_Yellow
-36.0763967591596 -5.733451544193979 0.0 0.23 0.23 0.33 0.0 Cone_Yellow
-25.341483917350978 -14.614724472413927 0.0 0.23 0.23 0.33 0.0 Cone_Yellow
-5.836554667727437 -19.30983780768568 0.0 0.23 0.23 0.33 0.0 Cone_Yellow
-8.42217690939204 -28.170407932117893 0.0 0.23 0.23 0.33 0.0 Cone_Yellow
-29.455529174788634 -24.971061053934218 0.0 0.23 0.23 0.33 0.0 Cone_Yellow
20.136669805166594 -30.02882234916317 0.0 0.23 0.23 0.33 0.0 Cone_Yellow
15.755771253306655 -30.376497897600302 0.0 0.23 0.23 0.33 0.0 Cone_Yellow
-15.319120654025355 -27.319203011425046 0.0 0.23 0.23 0.33 0.0 Cone_Yellow
22.592213693645615 -28.36872390071318 0.0 0.23 0.23 0.33 0.0 Cone_Yellow
-3.173444357902893 -1.6287716445402793 0.0 0.23 0.23 0.33 0.0 Cone_Yellow
-34.398852293394846 -21.204196590413748 0.0 0.23 0.23 0.33 0.0 Cone_Yellow
-22.963408733510242 -26.48134601654867 0.0 0.23 0.23 0.33 0.0 Cone_Yellow
12.666307365878232 -26.434784235194964 0.0 0.23 0.23 0.33 0.0 Cone_Yellow
-4.812976321261399 -17.44516513484189 0.0 0.23 0.23 0.33 0.0 Cone_Yellow
-5.934745561902631 -21.4573960734999 0.0 0.23 0.23 0.33 0.0 Cone_Yellow
-31.46944010407859 -5.9947583958097255 0.0 0.23 0.23 0.33 0.0 Cone_Yellow
-8.463125806286287 -6.415228107548867 0.0 0.23 0.23 0.33 0.0 Cone_Yellow
19.512194225933637 -16.06635181724228 0.0 0.23 0.23 0.33 0.0 Cone_Yellow
23.294738609784847 -26.486865675655586 0.0 0.23 0.23 0.33 0.0 Cone_Yellow
4.695167541916906 -3.0152331740289746 0.0 0.23 0.23 0.33 0.0 Cone_Yellow
-18.785632114529108 -26.989515067213862 0.0 0.23 0.23 0.33 0.0 Cone_Yellow
-20.58261401235103 -17.09440024913828 0.0 0.23 0.23 0.33 0.0 Cone_Yellow
-35.499686875849136 -19.441543905966263 0.0 0.23 0.23 0.33 0.0 Cone_Yellow
7.154217284165863 -4.760175793482009 0.0 0.23 0.23 0.33 0.0 Cone_Yellow
21.287478648952405 -18.374548520719877 0.0 0.23 0.23 0.33 0.0 Cone_Yellow
11.437751721690912 -23.56268961254425 0.0 0.23 0.23 0.33 0.0 Cone_Yellow
-0.3667933080476651 -13.786634143574155 0.0 0.23 0.23 0.33 0.0 Cone_Yellow
-2.720514698155114 -15.468017863999856 0.0 0.23 0.23 0.33 0.0 Cone_Yellow
9.263625028365468 -6.534003426263212 0.0 0.23 0.23 0.33 0.0 Cone_Yellow
-36.76096014432115 -8.309810212586612 0.0 0.23 0.23 0.33 0.0 Cone_Yellow
-20.59696369273216 -26.780376694376624 0.0 0.23 0.23 0.33 0.0 Cone_Yellow
-14.747460669194753 -13.861477802160463 0.0 0.23 0.23 0.33 0.0 Cone_Yellow
-7.123862876466892 -4.294775648266718 0.0 0.23 0.23 0.33 0.0 Cone_Yellow
17.500064022179554 -13.931830925975307 0.0 0.23 0.23 0.33 0.0 Cone_Yellow
4.058277698934177 -13.037142547483207 0.0 0.23 0.23 0.33 0.0 Cone_Yellow
-29.296296392263244 -8.520854489618195 0.0 0.23 0.23 0.33 0.0 Cone_Yellow
-5.399250982889431 -27.071887406118663 0.0 0.23 0.23 0.33 0.0 Cone_Yellow
-0.8163113110105868 -1.5251733254116964 0.0 0.23 0.23 0.33 0.0 Cone_Yellow
-33.06945341922285 -22.73205955846878 0.0 0.23 0.23 0.33 0.0 Cone_Yellow
-11.215571163336083 -27.96864590299064 0.0 0.23 0.23 0.33 0.0 Cone_Yellow
-32.91135276905391 -4.753341493333494 0.0 0.23 0.23 0.33 0.0 Cone_Yellow
10.711496380727262 -21.49477945062297 0.0 0.23 0.23 0.33 0.0 Cone_Yellow
-37.12005547808954 -11.194030387748988 0.0 0.23 0.23 0.33 0.0 Cone_Yellow
-23.070153211461978 -16.59411252360489 0.0 0.23 0.23 0.33 0.0 Cone_Yellow
2.0754253381683903 -1.8351476875923076 0.0 0.23 0.23 0.33 0.0 Cone_Yellow
-36.707510459879344 -14.283771992482231 0.0 0.23 0.23 0.33 0.0 Cone_Yellow
-31.350270305379432 -24.020948809726697 0.0 0.23 0.23 0.33 0.0 Cone_Yellow
14.860433378257905 -11.77001801647592 0.0 0.23 0.23 0.33 0.0 Cone_Yellow
12.115873811465516 -9.318365163527655 0.0 0.23 0.23 0.33 0.0 Cone_Yellow
-5.205707589225506 -2.7048007519184942 0.0 0.23 0.23 0.33 0.0 Cone_Yellow
22.53949494674818 -21.343036633615654 0.0 0.23 0.23 0.33 0.0 Cone_Yellow
9.734241143725164 -19.061451738345298 0.0 0.23 0.23 0.33 0.0 Cone_Yellow
-36.62053845430394 -16.776207663511848 0.0 0.23 0.23 0.33 0.0 Cone_Yellow
-4.92855397448275 -25.651609664483566 0.0 0.23 0.23 0.33 0.0 Cone_Yellow
-12.299280156048605 -11.228248853602874 0.0 0.23 0.23 0.33 0.0 Cone_Yellow
-27.382007581574342 -11.73760589886163 0.0 0.23 0.23 0.33 0.0 Cone_Yellow
25.7407645211029 -29.742020201165737 0.0 0.23 0.23 0.33 0.0 Cone_Blue
0.6712296931827222 -17.015278683766166 0.0 0.23 0.23 0.33 0.0 Cone_Blue
-40.266855040534864 -13.776032314461355 0.0 0.23 0.23 0.33 0.0 Cone_Blue
-2.6296024549255357 -21.491530901151904 0.0 0.23 0.23 0.33 0.0 Cone_Blue
-40.06735822889182 -10.418969436181442 0.0 0.23 0.23 0.33 0.0 Cone_Blue
-30.544394190918066 -2.100176260621925 0.0 0.23 0.23 0.33 0.0 Cone_Blue
23.869914077357972 -16.86116994083466 0.0 0.23 0.23 0.33 0.0 Cone_Blue
25.3710573572066 -19.97567631903298 0.0 0.23 0.23 0.33 0.0 Cone_Blue
-38.69859913973916 -20.419111510989715 0.0 0.23 0.23 0.33 0.0 Cone_Blue
-7.836466787603058 -1.135964759584457 0.0 0.23 0.23 0.33 0.0 Cone_Blue
23.603707532977946 -31.753496902767516 0.0 0.23 0.23 0.33 0.0 Cone_Blue
-15.142213003352225 -9.940673711066452 0.0 0.23 0.23 0.33 0.0 Cone_Blue
-9.175770987993566 -31.333404554886467 0.0 0.23 0.23 0.33 0.0 Cone_Blue
-40.030945365182205 -6.681959912647329 0.0 0.23 0.23 0.33 0.0 Cone_Blue
11.645657628766823 -3.927626545662246 0.0 0.23 0.23 0.33 0.0 Cone_Blue
-7.101028852541527 -31.69208214884266 0.0 0.23 0.23 0.33 0.0 Cone_Blue
-10.909321235670205 -4.818134055194349 0.0 0.23 0.23 0.33 0.0 Cone_Blue
-15.861755815052517 -30.591175302904592 0.0 0.23 0.23 0.33 0.0 Cone_Blue
-28.300037331972398 -3.658916607308143 0.0 0.23 0.23 0.33 0.0 Cone_Blue
15.711490754231232 -33.69173799272161 0.0 0.23 0.23 0.33 0.0 Cone_Blue
-9.798608793743483 -3.3490286123426998 0.0 0.23 0.23 0.33 0.0 Cone_Blue
13.752349714542994 -32.66092416005734 0.0 0.23 0.23 0.33 0.0 Cone_Blue
-36.51604384879612 -23.5145452182403 0.0 0.23 0.23 0.33 0.0 Cone_Blue
11.525604890064852 -30.324709051258722 0.0 0.23 0.23 0.33 0.0 Cone_Blue
-1.3663901600160848 -27.888163365732424 0.0 0.23 0.23 0.33 0.0 Cone_Blue
20.73097743373418 -33.05701019040312 0.0 0.23 0.23 0.33 0.0 Cone_Blue
7.042034639164349 -20.504357646779827 0.0 0.23 0.23 0.33 0.0 Cone_Blue
-2.356665864831351 -19.58913218786418 0.0 0.23 0.23 0.33 0.0 Cone_Blue
9.032167016322425 -2.0922294242922383 0.0 0.23 0.23 0.33 0.0 Cone_Blue
-20.259303129325 -13.41039001445794 0.0 0.23 0.23 0.33 0.0 Cone_Blue
-2.3102617392065277 -29.576444270323854 0.0 0.23 0.23 0.33 0.0 Cone_Blue
-33.15361592544304 -26.967293083705645 0.0 0.23 0.23 0.33 0.0 Cone_Blue
21.999999384170817 -14.136562959723701 0.0 0.23 0.23 0.33 0.0 Cone_Blue
-1.3809360786380012 -25.936228198434648 0.0 0.23 0.23 0.33 0.0 Cone_Blue
-18.884148820360977 -12.649106312339054 0.0 0.23 0.23 0.33 0.0 Cone_Blue
-35.07431465288344 -25.311772558643852 0.0 0.23 0.23 0.33 0.0 Cone_Blue
3.019838332262765 1.1375160076135593 0.0 0.23 0.23 0.33 0.0 Cone_Blue
-23.17144913670772 -29.604255914891947 0.0 0.23 0.23 0.33 0.0 Cone_Blue
-31.13008077236344 -28.378482854093445 0.0 0.23 0.23 0.33 0.0 Cone_Blue
-39.026555690535616 -3.826455784330342 0.0 0.23 0.23 0.33 0.0 Cone_Blue
-5.306832899371768 0.7712851086039088 0.0 0.23 0.23 0.33 0.0 Cone_Blue
17.709447373762313 -33.931996781064534 0.0 0.23 0.23 0.33 0.0 Cone_Blue
-20.95285495351542 -29.796794478553615 0.0 0.23 0.23 0.33 0.0 Cone_Blue
0.10901178051134153 1.6554810925733108 0.0 0.23 0.23 0.33 0.0 Cone_Blue
7.90418401382513 -22.72549973117786 0.0 0.23 0.23 0.33 0.0 Cone_Blue
-26.42675314963171 -29.193193048736106 0.0 0.23 0.23 0.33 0.0 Cone_Blue
-24.023843027868544 -10.619163890285002 0.0 0.23 0.23 0.33 0.0 Cone_Blue
8.592354629688952 -25.156972678835523 0.0 0.23 0.23 0.33 0.0 Cone_Blue
-2.217903310401402 -23.658924834271296 0.0 0.23 0.23 0.33 0.0 Cone_Blue
3.695734300217694 -16.757173952627184 0.0 0.23 0.23 0.33 0.0 Cone_Blue
1.8558986285974726 -16.47982728435975 0.0 0.23 0.23 0.33 0.0 Cone_Blue
-13.07588423485155 -7.486218544571571 0.0 0.23 0.23 0.33 0.0 Cone_Blue
-1.251518116305137 -18.4674087557751 0.0 0.23 0.23 0.33 0.0 Cone_Blue
6.15993613983715 -0.2552634455822158 0.0 0.23 0.23 0.33 0.0 Cone_Blue
-28.74261380467842 -28.911194447038277 0.0 0.23 0.23 0.33 0.0 Cone_Blue
-40.03756788458259 -16.81195221479426 0.0 0.23 0.23 0.33 0.0 Cone_Blue
26.77153175865765 -26.551889224123496 0.0 0.23 0.23 0.33 0.0 Cone_Blue
-19.060612050196283 -30.250323625058574 0.0 0.23 0.23 0.33 0.0 Cone_Blue
-26.84206098851164 -5.748666151494717 0.0 0.23 0.23 0.33 0.0 Cone_Blue
-12.110551396092156 -31.011179215344153 0.0 0.23 0.23 0.33 0.0 Cone_Blue
-21.416770303499412 -13.394853944835488 0.0 0.23 0.23 0.33 0.0 Cone_Blue
-16.50172832500761 -11.158115100835047 0.0 0.23 0.23 0.33 0.0 Cone_Blue
-2.3062751544212237 1.598797986849796 0.0 0.23 0.23 0.33 0.0 Cone_Blue
10.070497071377513 -27.942546440788554 0.0 0.23 0.23 0.33 0.0 Cone_Blue
5.31243842924027 -18.196068121658953 0.0 0.23 0.23 0.33 0.0 Cone_Blue
19.900293439769424 -11.456825069749748 0.0 0.23 0.23 0.33 0.0 Cone_Blue
-36.43511847804536 -1.1236986451622037 0.0 0.23 0.23 0.33 0.0 Cone_Blue
-22.59619556271239 -12.757407311663226 0.0 0.23 0.23 0.33 0.0 Cone_Blue
-33.37965214965354 -1.1095666587112376 0.0 0.23 0.23 0.33 0.0 Cone_Blue
15.12439678748412 -6.7318923787027 0.0 0.23 0.23 0.33 0.0 Cone_Blue
-25.32035982469988 -8.187740526752233 0.0 0.23 0.23 0.33 0.0 Cone_Blue
-4.354075346037064 -31.128590184295057 0.0 0.23 0.23 0.33 0.0 Cone_Blue
17.855582502614286 -9.05141143292607 0.0 0.23 0.23 0.33 0.0 Cone_Blue
26.421327654164582 -23.125383072680965 0.0 0.23 0.23 0.33 0.0 Cone_Blue
