-8.558471516678697 -15.994905363758091 0.0 0.23 0.23 0.33 0.0 Cone_Yellow
-7.217289059898569 -13.890748787720879 0.0 0.23 0.23 0.33 0.0 Cone_Yellow
-48.24777013081393 -24.28123877786976 0.0 0.23 0.23 0.33 0.0 Cone_Yellow
-22.880032304992895 -8.41978530496373 0.0 0.23 0.23 0.33 0.0 Cone_Yellow
-4.61670108778501 -2.1711670233668574 0.0 0.23 0.23 0.33 0.0 Cone_Yellow
-46.34007523924935 -16.291191985648076 0.0 0.23 0.23 0.33 0.0 Cone_Yellow
-22.07598076797635 -12.801249311887018 0.0 0.23 0.23 0.33 0.0 Cone_Yellow
-28.5782234614474 -26.224640746351646 0.0 0.23 0.23 0.33 0.0 Cone_Yellow
-24.23119807124373 -25.714960098781127 0.0 0.23 0.23 0.33 0.0 Cone_Yellow
12.268267385812191 -17.866131744875837 0.0 0.23 0.23 0.33 0.0 Cone_Yellow
-11.2953416421487 -24.36429030224796 0.0 0.23 0.23 0.33 0.0 Cone_Yellow
-42.144673553431886 -16.362085726234355 0.0 0.23 0.23 0.33 0.0 Cone_Yellow
-31.306867517156107 -25.07783514147325 0.0 0.23 0.23 0.33 0.0 Cone_Yellow
-2.5602645608895003 -1.76790598596572 0.0 0.23 0.23 0.33 0.0 Cone_Yellow
13.278662295484107 -16.402315059806245 0.0 0.23 0.23 0.33 0.0 Cone_Yellow
-0.1796602553268336 -12.798301094087751 0.0 0.23 0.23 0.33 0.0 Cone_Yellow
-19.86803842348428 -16.65240531835152 0.0 0.23 0.23 0.33 0.0 Cone_Yellow
-21.20722606886588 -7.519951006556214 0.0 0.23 0.23 0.33 0.0 Cone_Yellow
-0.7521686320637979 -1.6694507523612243 0.0 0.23 0.23 0.33 0.0 Cone_Yellow
-47.94574704374918 -17.723525178720813 0.0 0.23 0.23 0.33 0.0 Cone_Yellow
-44.10759170820293 -15.583031303726646 0.0 0.23 0.23 0.33 0.0 Cone_Yellow
-14.582313043757633 -5.421639722833163 0.0 0.23 0.23 0.33 0.0 Cone_Yellow
-49.48689347396363 -20.25541979094897 0.0 0.23 0.23 0.33 0.0 Cone_Yellow
-14.926053548025871 -33.83638165325606 0.0 0.23 0.23 0.33 0.0 Cone_Yellow
5.310798520303123 -3.0355183388296707 0.0 0.23 0.23 0.33 0.0 Cone_Yellow
-7.283502233725811 -2.999965643734029 0.0 0.23 0.23 0.33 0.0 Cone_Yellow
-39.657266420611904 -17.88009432914521 0.0 0.23 0.23 0.33 0.0 Cone_Yellow
-20.022103583268734 -18.773956810713926 0.0 0.23 0.23 0.33 0.0 Cone_Yellow
-20.673105735073378 -14.659037670230228 0.0 0.23 0.23 0.33 0.0 Cone_Yellow
8.981376385518654 -18.0832864160491 0.0 0.23 0.23 0.33 0.0 Cone_Yellow
-12.110173637431238 -27.281862935092413 0.0 0.23 0.23 0.33 0.0 Cone_Yellow
-41.56340512369782 -30.157601932520144 0.0 0.23 0.23 0.33 0.0 Cone_Yellow
-49.34191249219383 -22.25889480999423 0.0 0.23 0.23 0.33 0.0 Cone_Yellow
-22.657274164543367 -35.852704192304 0.0 0.23 0.23 0.33 0.0 Cone_Yellow
-11.293398703215594 -4.277769840836534 0.0 0.23 0.23 0.33 0.0 Cone_Yellow
-5.53888715865941 -12.525680975637167 0.0 0.23 0.23 0.33 0.0 Cone_Yellow
7.045681461696422 -4.1796173046450305 0.0 0.23 0.23 0.33 0.0 Cone_Yellow
-25.61961833977649 -35.290327656964344 0.0 0.23 0.23 0.33 0.0 Cone_Yellow
-44.13866043872778 -28.798386398850873 0.0 0.23 0.23 0.33 0.0 Cone_Yellow
-37.34424354203756 -19.97966610822667 0.0 0.23 0.23 0.33 0.0 Cone_Yellow
-22.5408257357547 -23.951739262655416 0.0 0.23 0.23 0.33 0.0 Cone_Yellow
-21.101116500660567 -21.442896318996617 0.0 0.23 0.23 0.33 0.0 Cone_Yellow
-28.27611058764259 -34.55608352921476 0.0 0.23 0.23 0.33 0.0 Cone_Yellow
12.82813055149602 -13.774907180514422 0.0 0.23 0.23 0.33 0.0 Cone_Yellow
-9.559511847118952 -3.713591397926967 0.0 0.23 0.23 0.33 0.0 Cone_Yellow
-9.497649513574418 -17.89494560905101 0.0 0.23 0.23 0.33 0.0 Cone_Yellow
-12.444728898904216 -29.767424562629508 0.0 0.23 0.23 0.33 0.0 Cone_Yellow
-38.84514514338477 -31.26028505633363 0.0 0.23 0.23 0.33 0.0 Cone_Yellow
-26.25180690088243 -26.47594406050949 0.0 0.23 0.23 0.33 0.0 Cone_Yellow
5.953659866071547 -16.69165149796746 0.0 0.23 0.23 0.33 0.0 Cone_Yellow
-23.498080213112566 -9.777563859317079 0.0 0.23 0.23 0.33 0.0 Cone_Yellow
-17.025924458253314 -34.91218413180807 0.0 0.23 0.23 0.33 0.0 Cone_Yellow
3.465890666412786 -2.2000653919455084 0.0 0.23 0.23 0.33 0.0 Cone_Yellow
-18.58355779301178 -6.540091755111423 0.0 0.23 0.23 0.33 0.0 Cone_Yellow
10.809288543575352 -18.611457980598367 0.0 0.23 0.23 0.33 0.0 Cone_Yellow
-35.8227907305335 -21.557284756830292 0.0 0.23 0.23 0.33 0.0 Cone_Yellow
11.953488684035005 -11.003142926247435 0.0 0.23 0.23 0.33 0.0 Cone_Yellow
-3.0689710630243745 -11.944601328810784 0.0 0.23 0.23 0.33 0.0 Cone_Yellow
-19.78406624426146 -35.83461507322858 0.0 0.23 0.23 0.33 0.0 Cone_Yellow
10.291713113988887 -8.365871887679821 0.0 0.23 0.23 0.33 0.0 Cone_Yellow
1.3661253862169431 -1.7442015427354027 0.0 0.23 0.23 0.33 0.0 Cone_Yellow
-35.545020516343726 -32.126461965518835 0.0 0.23 0.23 0.33 0.0 Cone_Yellow
-32.02879635873673 -33.212453033853166 0.0 0.23 0.23 0.33 0.0 Cone_Yellow
-13.526505038688903 -32.0117730784314 0.0 0.23 0.23 0.33 0.0 Cone_Yellow
-46.513155364035725 -26.620947459170452 0.0 0.23 0.23 0.33 0.0 Cone_Yellow
-33.9209624579405 -23.362599348571145 0.0 0.23 0.23 0.33 0.0 Cone_Yellow
9.174680611132441 -6.136065149072877 0.0 0.23 0.23 0.33 0.0 Cone_Yellow
-23.334552915728153 -11.26484438434161 0.0 0.23 0.23 0.33 0.0 Cone_Yellow
-10.626846680316104 -21.308506254343953 0.0 0.23 0.23 0.33 0.0 Cone_Yellow
2.873664619353576 -14.564300901616905 0.0 0.23 0.23 0.33 0.0 Cone_Yellow
-52.92133523006706 -20.318068540751014 0.0 0.23 0.23 0.33 0.0 Cone_Blue
-24.829106956906752 -21.44865988498521 0.0 0.23 0.23 0.33 0.0 Cone_Blue
13.739176374542765 -7.345219894290437 0.0 0.23 0.23 0.33 0.0 Cone_Blue
-23.69222878684214 -16.004412020489482 0.0 0.23 0.23 0.33 0.0 Cone_Blue
14.955831728152866 -10.480410462200563 0.0 0.23 0.23 0.33 0.0 Cone_Blue
9.762237561093588 -22.009319499666546 0.0 0.23 0.23 0.33 0.0 Cone_Blue
-45.856272401413875 -31.249732276848775 0.0 0.23 0.23 0.33 0.0 Cone_Blue
-48.518072398711936 -29.04328674141022 0.0 0.23 0.23 0.33 0.0 Cone_Blue
9.54690572060666 -1.958681623204396 0.0 0.23 0.23 0.33 0.0 Cone_Blue
-10.481387914946108 -32.34253286041712 0.0 0.23 0.23 0.33 0.0 Cone_Blue
-51.81607423812633 -17.599346555833343 0.0 0.23 0.23 0.33 0.0 Cone_Blue
-7.505959024431627 -21.295196058873856 0.0 0.23 0.23 0.33 0.0 Cone_Blue
-21.83929989018511 -4.33044722769788 0.0 0.23 0.23 0.33 0.0 Cone_Blue
16.478983336629152 -13.893118368427569 0.0 0.23 0.23 0.33 0.0 Cone_Blue
-29.356351034174537 -37.917684387553315 0.0 0.23 0.23 0.33 0.0 Cone_Blue
-23.874944172700594 -4.8683662737339 0.0 0.23 0.23 0.33 0.0 Cone_Blue
-9.221086815442138 -27.71517440022329 0.0 0.23 0.23 0.33 0.0 Cone_Blue
-15.451564831967914 -2.220912161342479 0.0 0.23 0.23 0.33 0.0 Cone_Blue
7.072626717901006 -21.526823187903616 0.0 0.23 0.23 0.33 0.0 Cone_Blue
-45.44794684229207 -12.550503354074872 0.0 0.23 0.23 0.33 0.0 Cone_Blue
-9.61910267829974 -29.51337803268011 0.0 0.23 0.23 0.33 0.0 Cone_Blue
-43.237495200590416 -12.671805912585295 0.0 0.23 0.23 0.33 0.0 Cone_Blue
6.273535085549227 -0.053346450708421145 0.0 0.23 0.23 0.33 0.0 Cone_Blue
-40.24012150755452 -13.868486526707315 0.0 0.23 0.23 0.33 0.0 Cone_Blue
-27.504534270590142 -10.714899841892976 0.0 0.23 0.23 0.33 0.0 Cone_Blue
-49.747140400887076 -15.217910457326784 0.0 0.23 0.23 0.33 0.0 Cone_Blue
-32.074202943674194 -20.929610935063636 0.0 0.23 0.23 0.33 0.0 Cone_Blue
-23.14812880572598 -17.847661991893368 0.0 0.23 0.23 0.33 0.0 Cone_Blue
-26.215925943054614 -38.49798260531096 0.0 0.23 0.23 0.33 0.0 Cone_Blue
-4.298643348953696 -16.009681065878155 0.0 0.23 0.23 0.33 0.0 Cone_Blue
-27.349478041110025 -8.786910335564965 0.0 0.23 0.23 0.33 0.0 Cone_Blue
1.7786685727249854 1.6854935057312863 0.0 0.23 0.23 0.33 0.0 Cone_Blue
-43.021571181375336 -32.948123619981395 0.0 0.23 0.23 0.33 0.0 Cone_Blue
-26.67843717388802 -12.483465946934766 0.0 0.23 0.23 0.33 0.0 Cone_Blue
-5.231847906156897 -17.274485992730252 0.0 0.23 0.23 0.33 0.0 Cone_Blue
4.214325573962885 0.9802227897556017 0.0 0.23 0.23 0.33 0.0 Cone_Blue
-19.404740658486443 -38.93054101681731 0.0 0.23 0.23 0.33 0.0 Cone_Blue
-8.394878383239934 -0.07409994332600434 0.0 0.23 0.23 0.33 0.0 Cone_Blue
-0.6487331342889604 2.125802529692656 0.0 0.23 0.23 0.33 0.0 Cone_Blue
16.75499000489828 -16.907504336488564 0.0 0.23 0.23 0.33 0.0 Cone_Blue
-11.986969266346327 -35.129982315117346 0.0 0.23 0.23 0.33 0.0 Cone_Blue
-47.36446586383207 -13.16410728087082 0.0 0.23 0.23 0.33 0.0 Cone_Blue
-10.492119690197814 -0.8229725283371154 0.0 0.23 0.23 0.33 0.0 Cone_Blue
-16.542626497913346 -38.18925728202649 0.0 0.23 0.23 0.33 0.0 Cone_Blue
-33.783017913997554 -19.269272083951975 0.0 0.23 0.23 0.33 0.0 Cone_Blue
-5.264097521747329 0.9078308555610217 0.0 0.23 0.23 0.33 0.0 Cone_Blue
0.2863207209320997 -16.97963384918669 0.0 0.23 0.23 0.33 0.0 Cone_Blue
-35.4212492661618 -17.34525609427945 0.0 0.23 0.23 0.33 0.0 Cone_Blue
-24.969128778527498 -14.205351416129924 0.0 0.23 0.23 0.33 0.0 Cone_Blue
-27.47138284600282 -22.942856758263183 0.0 0.23 0.23 0.33 0.0 Cone_Blue
-25.68317621066549 -22.428820278720337 0.0 0.23 0.23 0.33 0.0 Cone_Blue
-8.362440754356735 -24.38720249324158 0.0 0.23 0.23 0.33 0.0 Cone_Blue
-23.685750766020373 -19.327722001480645 0.0 0.23 0.23 0.33 0.0 Cone_Blue
-22.83961090737428 -38.971956227585785 0.0 0.23 0.23 0.33 0.0 Cone_Blue
-3.041170181057785 1.615875926843784 0.0 0.23 0.23 0.33 0.0 Cone_Blue
12.26642548658651 -4.680564745280325 0.0 0.23 0.23 0.33 0.0 Cone_Blue
-52.5299565333539 -23.64766903697572 0.0 0.23 0.23 0.33 0.0 Cone_Blue
-12.40134315621393 -1.1986554381221666 0.0 0.23 0.23 0.33 0.0 Cone_Blue
4.876826690515667 -20.234070150678882 0.0 0.23 0.23 0.33 0.0 Cone_Blue
-19.036922538523935 -3.40122906596243 0.0 0.23 0.23 0.33 0.0 Cone_Blue
-3.239849222443185 -15.541785109048591 0.0 0.23 0.23 0.33 0.0 Cone_Blue
-6.776937151821361 -19.622183041413066 0.0 0.23 0.23 0.33 0.0 Cone_Blue
-14.370346751537829 -37.131890431771986 0.0 0.23 0.23 0.33 0.0 Cone_Blue
-37.92515564119633 -15.42828475222355 0.0 0.23 0.23 0.33 0.0 Cone_Blue
-29.540446923124318 -22.307937460054617 0.0 0.23 0.23 0.33 0.0 Cone_Blue
-39.996638159920224 -34.51002644270342 0.0 0.23 0.23 0.33 0.0 Cone_Blue
15.524504036085833 -20.44393576663949 0.0 0.23 0.23 0.33 0.0 Cone_Blue
-1.9021004724443937 -15.630161769366344 0.0 0.23 0.23 0.33 0.0 Cone_Blue
12.752477863389675 -21.729215928652707 0.0 0.23 0.23 0.33 0.0 Cone_Blue
-33.6869064814265 -36.81685628333923 0.0 0.23 0.23 0.33 0.0 Cone_Blue
2.477616153223142 -18.65026238528297 0.0 0.23 0.23 0.33 0.0 Cone_Blue
-26.13770456704833 -6.524624755607476 0.0 0.23 0.23 0.33 0.0 Cone_Blue
-37.13594526891556 -35.84542666888826 0.0 0.23 0.23 0.33 0.0 Cone_Blue
-50.78461518476851 -26.617074852554907 0.0 0.23 0.23 0.33 0.0 Cone_Blue
