15.093902085609411 16.415461154608437 0.0 0.23 0.23 0.33 0.0 Cone_Yellow
15.331852891894442 18.899334076608216 0.0 0.23 0.23 0.33 0.0 Cone_Yellow
-16.489347846741772 -9.008977278569589 0.0 0.23 0.23 0.33 0.0 Cone_Yellow
-1.1059082768051152 16.651451705975106 0.0 0.23 0.23 0.33 0.0 Cone_Yellow
12.320065566386116 30.520039375254612 0.0 0.23 0.23 0.33 0.0 Cone_Yellow
-18.422720908261976 -1.0251050259479513 0.0 0.23 0.23 0.33 0.0 Cone_Yellow
1.6021916484529113 13.11451510589865 0.0 0.23 0.23 0.33 0.0 Cone_Yellow
1.9134564676922663 -1.7975508763842818 0.0 0.23 0.23 0.33 0.0 Cone_Yellow
5.553549262018559 0.632701899414382 0.0 0.23 0.23 0.33 0.0 Cone_Yellow
34.49458131154977 24.21726780781924 0.0 0.23 0.23 0.33 0.0 Cone_Yellow
16.46120393020293 7.716751595249512 0.0 0.23 0.23 0.33 0.0 Cone_Yellow
-14.653729508379985 0.8191089137645413 0.0 0.23 0.23 0.33 0.0 Cone_Yellow
-1.0382654011417527 -2.0166387290415564 0.0 0.23 0.23 0.33 0.0 Cone_Yellow
13.968357962213073 31.814134747047184 0.0 0.23 0.23 0.33 0.0 Cone_Yellow
34.72902426835508 25.98041659932364 0.0 0.23 0.23 0.33 0.0 Cone_Yellow
21.103469024104502 23.071876272521248 0.0 0.23 0.23 0.33 0.0 Cone_Yellow
5.319615034672349 10.688164894095422 0.0 0.23 0.23 0.33 0.0 Cone_Yellow
-0.025065112729936168 18.21342498451989 0.0 0.23 0.23 0.33 0.0 Cone_Yellow
15.534032336894342 32.723842432694944 0.0 0.23 0.23 0.33 0.0 Cone_Yellow
-19.201678526386793 -3.030843131710757 0.0 0.23 0.23 0.33 0.0 Cone_Yellow
-16.756243622186364 0.6205947409618453 0.0 0.23 0.23 0.33 0.0 Cone_Yellow
4.921657001317563 23.094236716193404 0.0 0.23 0.23 0.33 0.0 Cone_Yellow
-19.423270512355046 -5.986603548007615 0.0 0.23 0.23 0.33 0.0 Cone_Yellow
17.53370262948723 -2.37048440106555 0.0 0.23 0.23 0.33 0.0 Cone_Yellow
21.55525273927668 34.26352298638609 0.0 0.23 0.23 0.33 0.0 Cone_Yellow
10.321595894994015 28.569435756463847 0.0 0.23 0.23 0.33 0.0 Cone_Yellow
-11.748112368385723 0.5978999657387796 0.0 0.23 0.23 0.33 0.0 Cone_Yellow
6.146914283149288 8.728498401634512 0.0 0.23 0.23 0.33 0.0 Cone_Yellow
3.696311832256823 12.097609703157985 0.0 0.23 0.23 0.33 0.0 Cone_Yellow
31.665737927170014 22.529531541196445 0.0 0.23 0.23 0.33 0.0 Cone_Yellow
17.061866776893226 4.74768012540158 0.0 0.23 0.23 0.33 0.0 Cone_Yellow
-7.8641427678810105 -11.204020973188356 0.0 0.23 0.23 0.33 0.0 Cone_Yellow
-18.38329797260727 -7.705146172903461 0.0 0.23 0.23 0.33 0.0 Cone_Yellow
11.564339735426145 -7.681231565236001 0.0 0.23 0.23 0.33 0.0 Cone_Yellow
7.330989530576146 25.60829968474023 0.0 0.23 0.23 0.33 0.0 Cone_Yellow
16.20617065656564 20.87822556429788 0.0 0.23 0.23 0.33 0.0 Cone_Yellow
23.620620803281696 34.0332274716547 0.0 0.23 0.23 0.33 0.0 Cone_Yellow
8.670165095317738 -8.527105984160961 0.0 0.23 0.23 0.33 0.0 Cone_Yellow
-10.77581236550089 -11.16418432104443 0.0 0.23 0.23 0.33 0.0 Cone_Yellow
-8.733419459279165 -0.22057615248723295 0.0 0.23 0.23 0.33 0.0 Cone_Yellow
6.257516344389981 2.971662501150103 0.0 0.23 0.23 0.33 0.0 Cone_Yellow
6.3992402273619025 5.8607748109361495 0.0 0.23 0.23 0.33 0.0 Cone_Yellow
5.9702704410853 -9.080851736428677 0.0 0.23 0.23 0.33 0.0 Cone_Yellow
33.13324482304778 28.115771131582967 0.0 0.23 0.23 0.33 0.0 Cone_Yellow
8.618835380553092 26.899080073453092 0.0 0.23 0.23 0.33 0.0 Cone_Yellow
15.121211155722595 14.296154084296209 0.0 0.23 0.23 0.33 0.0 Cone_Yellow
17.89389718860809 2.3817407303101206 0.0 0.23 0.23 0.33 0.0 Cone_Yellow
-4.941729214568341 -10.950355020547896 0.0 0.23 0.23 0.33 0.0 Cone_Yellow
4.099799638105828 -0.9637218110695471 0.0 0.23 0.23 0.33 0.0 Cone_Yellow
28.336331281503572 22.39254082928823 0.0 0.23 0.23 0.33 0.0 Cone_Yellow
-1.0391037219228272 15.161121886492204 0.0 0.23 0.23 0.33 0.0 Cone_Yellow
16.15248194609946 -4.283345670541173 0.0 0.23 0.23 0.33 0.0 Cone_Yellow
19.53220756666559 34.16889294158713 0.0 0.23 0.23 0.33 0.0 Cone_Yellow
1.8663101971205753 20.27896578819651 0.0 0.23 0.23 0.33 0.0 Cone_Yellow
33.533945881147936 22.890124247533564 0.0 0.23 0.23 0.33 0.0 Cone_Yellow
-6.661058100104879 -0.9340308847981404 0.0 0.23 0.23 0.33 0.0 Cone_Yellow
31.09409010379273 30.18688761997462 0.0 0.23 0.23 0.33 0.0 Cone_Yellow
18.141899326620948 22.51868086431638 0.0 0.23 0.23 0.33 0.0 Cone_Yellow
14.115225090402475 -6.358871979054214 0.0 0.23 0.23 0.33 0.0 Cone_Yellow
28.414995750053674 31.780358680217976 0.0 0.23 0.23 0.33 0.0 Cone_Yellow
17.454738730096505 33.62030446739462 0.0 0.23 0.23 0.33 0.0 Cone_Yellow
-1.6085833184938272 -10.221504262511623 0.0 0.23 0.23 0.33 0.0 Cone_Yellow
2.0169723589212856 -9.590192170908743 0.0 0.23 0.23 0.33 0.0 Cone_Yellow
17.950729968286307 -0.10906434278244603 0.0 0.23 0.23 0.33 0.0 Cone_Yellow
-13.880657992062744 -10.304300537286707 0.0 0.23 0.23 0.33 0.0 Cone_Yellow
-4.1463863520674655 -1.6773595827568286 0.0 0.23 0.23 0.33 0.0 Cone_Yellow
26.406338925690132 33.25856619809645 0.0 0.23 0.23 0.33 0.0 Cone_Yellow
-0.21729011065053072 13.910775164404813 0.0 0.23 0.23 0.33 0.0 Cone_Yellow
15.667366469306913 10.742395947631046 0.0 0.23 0.23 0.33 0.0 Cone_Yellow
24.62588222174822 22.88706995336384 0.0 0.23 0.23 0.33 0.0 Cone_Yellow
-22.453777528966494 -7.603805534213237 0.0 0.23 0.23 0.33 0.0 Cone_Blue
3.0814134748427415 4.160783134243662 0.0 0.23 0.23 0.33 0.0 Cone_Blue
31.021563263798495 34.25675509855827 0.0 0.23 0.23 0.33 0.0 Cone_Blue
1.618887122814387 9.526726057277632 0.0 0.23 0.23 0.33 0.0 Cone_Blue
33.53056728972948 32.01743177566744 0.0 0.23 0.23 0.33 0.0 Cone_Blue
34.14612986759535 19.38769517196077 0.0 0.23 0.23 0.33 0.0 Cone_Blue
-11.191198607579096 -14.128428193911809 0.0 0.23 0.23 0.33 0.0 Cone_Blue
-14.565128437918187 -13.373326461414294 0.0 0.23 0.23 0.33 0.0 Cone_Blue
24.838706455660393 37.14850361317513 0.0 0.23 0.23 0.33 0.0 Cone_Blue
20.81332878791117 0.9807376248121962 0.0 0.23 0.23 0.33 0.0 Cone_Blue
-22.705357467060185 -4.679808505088676 0.0 0.23 0.23 0.33 0.0 Cone_Blue
18.44102788924932 12.173101804709516 0.0 0.23 0.23 0.33 0.0 Cone_Blue
-2.0380864226659616 20.76689260262123 0.0 0.23 0.23 0.33 0.0 Cone_Blue
36.43872928913977 29.670271819291624 0.0 0.23 0.23 0.33 0.0 Cone_Blue
6.5364080286975605 -12.566073104577136 0.0 0.23 0.23 0.33 0.0 Cone_Blue
-3.606639941008164 19.362312805983606 0.0 0.23 0.23 0.33 0.0 Cone_Blue
19.8321156296546 5.675205211088883 0.0 0.23 0.23 0.33 0.0 Cone_Blue
2.6922833136837365 25.54987279572124 0.0 0.23 0.23 0.33 0.0 Cone_Blue
31.531189375043997 18.59466591707845 0.0 0.23 0.23 0.33 0.0 Cone_Blue
-19.32875102741838 2.7122408154507234 0.0 0.23 0.23 0.33 0.0 Cone_Blue
20.295129032045867 3.892630803084206 0.0 0.23 0.23 0.33 0.0 Cone_Blue
-17.30479781583608 3.609137781845636 0.0 0.23 0.23 0.33 0.0 Cone_Blue
21.05695676299604 37.35737365899217 0.0 0.23 0.23 0.33 0.0 Cone_Blue
-14.091049096534007 3.9059756451707415 0.0 0.23 0.23 0.33 0.0 Cone_Blue
-4.181431234575919 12.504799115793304 0.0 0.23 0.23 0.33 0.0 Cone_Blue
-21.945272691743295 -1.6181102429349536 0.0 0.23 0.23 0.33 0.0 Cone_Blue
-3.6076250878754648 1.329248077713867 0.0 0.23 0.23 0.33 0.0 Cone_Blue
2.9415038327695333 8.132344371698515 0.0 0.23 0.23 0.33 0.0 Cone_Blue
9.597343546656745 -11.655200155497944 0.0 0.23 0.23 0.33 0.0 Cone_Blue
18.894763900983655 18.338948560428005 0.0 0.23 0.23 0.33 0.0 Cone_Blue
-4.919848573543903 14.292514362783987 0.0 0.23 0.23 0.33 0.0 Cone_Blue
16.26293876029303 36.86262043567833 0.0 0.23 0.23 0.33 0.0 Cone_Blue
-7.894246026613961 -14.352409979294187 0.0 0.23 0.23 0.33 0.0 Cone_Blue
-2.641598859308929 11.305141357446372 0.0 0.23 0.23 0.33 0.0 Cone_Blue
18.63859604169292 16.788148677644745 0.0 0.23 0.23 0.33 0.0 Cone_Blue
18.75296765027262 37.3417737906275 0.0 0.23 0.23 0.33 0.0 Cone_Blue
15.860585229122378 -8.943898736048602 0.0 0.23 0.23 0.33 0.0 Cone_Blue
8.001527435029416 30.67018071566534 0.0 0.23 0.23 0.33 0.0 Cone_Blue
13.900722364682085 36.15122407351242 0.0 0.23 0.23 0.33 0.0 Cone_Blue
38.054994760161506 27.110899167145213 0.0 0.23 0.23 0.33 0.0 Cone_Blue
20.739596938200382 -2.1864714435208263 0.0 0.23 0.23 0.33 0.0 Cone_Blue
-20.75679338660595 1.2944079764777854 0.0 0.23 0.23 0.33 0.0 Cone_Blue
6.4740165845089 29.04970490599285 0.0 0.23 0.23 0.33 0.0 Cone_Blue
18.072803259495654 -6.9824476329848935 0.0 0.23 0.23 0.33 0.0 Cone_Blue
-5.884473327512894 2.0311994983776778 0.0 0.23 0.23 0.33 0.0 Cone_Blue
10.343636062809033 32.968115456290406 0.0 0.23 0.23 0.33 0.0 Cone_Blue
23.419470444392825 19.559495413286164 0.0 0.23 0.23 0.33 0.0 Cone_Blue
-8.218329811154728 3.0000923745473855 0.0 0.23 0.23 0.33 0.0 Cone_Blue
-0.33633016574534924 10.548595912710196 0.0 0.23 0.23 0.33 0.0 Cone_Blue
1.4072983061487099 1.628672439159292 0.0 0.23 0.23 0.33 0.0 Cone_Blue
2.766321770586912 2.899487805792724 0.0 0.23 0.23 0.33 0.0 Cone_Blue
19.083897071874603 9.02973037296658 0.0 0.23 0.23 0.33 0.0 Cone_Blue
3.135535061492935 6.569664978332636 0.0 0.23 0.23 0.33 0.0 Cone_Blue
12.820043147930384 -10.54238323671742 0.0 0.23 0.23 0.33 0.0 Cone_Blue
12.001654400083883 34.6093677154551 0.0 0.23 0.23 0.33 0.0 Cone_Blue
28.498379787599127 35.960553028641684 0.0 0.23 0.23 0.33 0.0 Cone_Blue
-20.59144634394043 -10.391481861547554 0.0 0.23 0.23 0.33 0.0 Cone_Blue
4.94430607964276 27.847100372826052 0.0 0.23 0.23 0.33 0.0 Cone_Blue
28.987708942820934 18.747817692835707 0.0 0.23 0.23 0.33 0.0 Cone_Blue
0.03548449525148234 22.868574990987632 0.0 0.23 0.23 0.33 0.0 Cone_Blue
19.62509102221552 19.237054302945992 0.0 0.23 0.23 0.33 0.0 Cone_Blue
18.32975043702991 13.99465684806258 0.0 0.23 0.23 0.33 0.0 Cone_Blue
19.526898453888126 -5.053087345694021 0.0 0.23 0.23 0.33 0.0 Cone_Blue
-11.320023129931279 3.5691484503949944 0.0 0.23 0.23 0.33 0.0 Cone_Blue
-0.7242296478627717 1.2535228000285983 0.0 0.23 0.23 0.33 0.0 Cone_Blue
-4.4899096038814355 -14.368338970892502 0.0 0.23 0.23 0.33 0.0 Cone_Blue
38.56679495671647 23.4016534839355 0.0 0.23 0.23 0.33 0.0 Cone_Blue
20.85677598607987 19.76652035662906 0.0 0.23 0.23 0.33 0.0 Cone_Blue
36.68213387791897 20.996632316660023 0.0 0.23 0.23 0.33 0.0 Cone_Blue
2.1787982786103823 -13.554389988322598 0.0 0.23 0.23 0.33 0.0 Cone_Blue
26.130732452043794 19.067729510577124 0.0 0.23 0.23 0.33 0.0 Cone_Blue
-4.869050046419878 16.858396376315625 0.0 0.23 0.23 0.33 0.0 Cone_Blue
-1.3348335926236041 -14.257195172484707 0.0 0.23 0.23 0.33 0.0 Cone_Blue
-17.686923009903364 -12.242787217968129 0.0 0.23 0.23 0.33 0.0 Cone_Blue
