-3.5893338378495123 -22.305130981157067 0.0 0.23 0.23 0.33 0.0 Cone_Yellow
-4.9088205403957605 -20.18730187552577 0.0 0.23 0.23 0.33 0.0 Cone_Yellow
-13.239684521561088 -61.6850049983909 0.0 0.23 0.23 0.33 0.0 Cone_Yellow
-16.602609679730477 -31.956255225598476 0.0 0.23 0.23 0.33 0.0 Cone_Yellow
-14.359123287890181 -12.784367827948389 0.0 0.23 0.23 0.33 0.0 Cone_Yellow
-19.624487719137534 -56.51640405912201 0.0 0.23 0.23 0.33 0.0 Cone_Yellow
-12.303075040629706 -33.121470916067636 0.0 0.23 0.23 0.33 0.0 Cone_Yellow
-2.999267247968641 -44.77933342189928 0.0 0.23 0.23 0.33 0.0 Cone_Yellow
-1.583354535365686 -40.63788496805216 0.0 0.23 0.23 0.33 0.0 Cone_Yellow
7.0852911676995625 -4.324393441422362 0.0 0.23 0.23 0.33 0.0 Cone_Yellow
2.7798947330650883 -28.385426183181085 0.0 0.23 0.23 0.33 0.0 Cone_Yellow
-17.750253299475236 -52.76225081664943 0.0 0.23 0.23 0.33 0.0 Cone_Yellow
-5.211206696306441 -46.746052861733546 0.0 0.23 0.23 0.33 0.0 Cone_Yellow
-13.835577150069026 -10.755217736159103 0.0 0.23 0.23 0.33 0.0 Cone_Yellow
6.200733982957434 -2.78127460351644 0.0 0.23 0.23 0.33 0.0 Cone_Yellow
-2.8576595246723837 -13.36715527579356 0.0 0.23 0.23 0.33 0.0 Cone_Yellow
-7.876173392623139 -32.791389438844945 0.0 0.23 0.23 0.33 0.0 Cone_Yellow
-16.692563926179837 -30.058917432330837 0.0 0.23 0.23 0.33 0.0 Cone_Yellow
-13.144217352961707 -9.081621024939846 0.0 0.23 0.23 0.33 0.0 Cone_Yellow
-19.025189220806592 -58.58294746046686 0.0 0.23 0.23 0.33 0.0 Cone_Yellow
-19.300033963799837 -54.196877377132736 0.0 0.23 0.23 0.33 0.0 Cone_Yellow
-15.726892910810868 -23.177067221542707 0.0 0.23 0.23 0.33 0.0 Cone_Yellow
-17.406115499209836 -61.06573277757093 0.0 0.23 0.23 0.33 0.0 Cone_Yellow
9.75820844321142 -35.747879664739024 0.0 0.23 0.23 0.33 0.0 Cone_Yellow
-9.295746020435612 -4.20156162528037 0.0 0.23 0.23 0.33 0.0 Cone_Yellow
-14.762151843864858 -15.547754063743643 0.0 0.23 0.23 0.33 0.0 Cone_Yellow
-15.307536977423153 -51.173326232883596 0.0 0.23 0.23 0.33 0.0 Cone_Yellow
-6.028763472553445 -33.8458055784372 0.0 0.23 0.23 0.33 0.0 Cone_Yellow
-10.021803948225994 -32.65753326368183 0.0 0.23 0.23 0.33 0.0 Cone_Yellow
5.862924719946115 -7.383254155222456 0.0 0.23 0.23 0.33 0.0 Cone_Yellow
5.060293633920981 -30.379407652862856 0.0 0.23 0.23 0.33 0.0 Cone_Yellow
-5.054270907981191 -58.1905260031311 0.0 0.23 0.23 0.33 0.0 Cone_Yellow
-15.536188521784268 -61.79942531270362 0.0 0.23 0.23 0.33 0.0 Cone_Yellow
8.241211715363836 -43.592371345557964 0.0 0.23 0.23 0.33 0.0 Cone_Yellow
-15.339658977628039 -19.71651152521967 0.0 0.23 0.23 0.33 0.0 Cone_Yellow
-5.416055378254459 -18.084171852694872 0.0 0.23 0.23 0.33 0.0 Cone_Yellow
-7.51504770442989 -3.1301631133850023 0.0 0.23 0.23 0.33 0.0 Cone_Yellow
6.455656076158974 -46.02209179024744 0.0 0.23 0.23 0.33 0.0 Cone_Yellow
-7.39164303867517 -59.92721777981833 0.0 0.23 0.23 0.33 0.0 Cone_Yellow
-12.41542792854078 -49.99265619358541 0.0 0.23 0.23 0.33 0.0 Cone_Yellow
-2.444604854521682 -38.35215658583171 0.0 0.23 0.23 0.33 0.0 Cone_Yellow
-4.08665255616874 -35.97082608733354 0.0 0.23 0.23 0.33 0.0 Cone_Yellow
4.6470282484158965 -48.10173860709418 0.0 0.23 0.23 0.33 0.0 Cone_Yellow
3.6361040077706868 -2.05400291640127 0.0 0.23 0.23 0.33 0.0 Cone_Yellow
-15.100456596981353 -17.908904497605114 0.0 0.23 0.23 0.33 0.0 Cone_Yellow
-2.280522463747353 -23.972230567446577 0.0 0.23 0.23 0.33 0.0 Cone_Yellow
7.158203357810713 -31.75371424808572 0.0 0.23 0.23 0.33 0.0 Cone_Yellow
-2.8866157407580513 -56.21413574103067 0.0 0.23 0.23 0.33 0.0 Cone_Yellow
-1.7687333879318903 -42.78906866858611 0.0 0.23 0.23 0.33 0.0 Cone_Yellow
3.3010733681267546 -9.514130200077792 0.0 0.23 0.23 0.33 0.0 Cone_Yellow
-15.644416920177848 -33.099676606775986 0.0 0.23 0.23 0.33 0.0 Cone_Yellow
9.822631823994506 -38.10640853682996 0.0 0.23 0.23 0.33 0.0 Cone_Yellow
-10.845484317563425 -5.505393603036346 0.0 0.23 0.23 0.33 0.0 Cone_Yellow
-16.444421202025648 -27.269260721763295 0.0 0.23 0.23 0.33 0.0 Cone_Yellow
7.128125753251918 -5.962164993877593 0.0 0.23 0.23 0.33 0.0 Cone_Yellow
-10.335737403074269 -49.30085667324708 0.0 0.23 0.23 0.33 0.0 Cone_Yellow
0.7582477957056533 -1.6470396499672724 0.0 0.23 0.23 0.33 0.0 Cone_Yellow
-4.874509535375308 -15.605287592489645 0.0 0.23 0.23 0.33 0.0 Cone_Yellow
9.464657873389402 -40.992596265322746 0.0 0.23 0.23 0.33 0.0 Cone_Yellow
-2.3379212618265317 -2.0081957702945488 0.0 0.23 0.23 0.33 0.0 Cone_Yellow
-12.16275762853063 -7.202926255195383 0.0 0.23 0.23 0.33 0.0 Cone_Yellow
-0.681247234295423 -53.610785064938185 0.0 0.23 0.23 0.33 0.0 Cone_Yellow
1.8156644678102545 -50.90733525424653 0.0 0.23 0.23 0.33 0.0 Cone_Yellow
8.716091204562108 -33.698020122667685 0.0 0.23 0.23 0.33 0.0 Cone_Yellow
-10.380522041551487 -61.12974378474082 0.0 0.23 0.23 0.33 0.0 Cone_Yellow
-7.886509730490387 -48.3641628270861 0.0 0.23 0.23 0.33 0.0 Cone_Yellow
-4.831457859892264 -2.0537472585406924 0.0 0.23 0.23 0.33 0.0 Cone_Yellow
-14.2321552071156 -33.59390468259279 0.0 0.23 0.23 0.33 0.0 Cone_Yellow
0.3116697825051702 -26.46382079839117 0.0 0.23 0.23 0.33 0.0 Cone_Yellow
0.05296255372046943 -11.374712747812586 0.0 0.23 0.23 0.33 0.0 Cone_Yellow
-18.83153125904237 -64.19103355566247 0.0 0.23 0.23 0.33 0.0 Cone_Blue
-5.690049163915905 -39.33639667474074 0.0 0.23 0.23 0.33 0.0 Cone_Blue
-1.7711178697338568 1.5422221402042666 0.0 0.23 0.23 0.33 0.0 Cone_Blue
-10.110844634865579 -35.961653101124135 0.0 0.23 0.23 0.33 0.0 Cone_Blue
1.582167303123704 1.2869797141180186 0.0 0.23 0.23 0.33 0.0 Cone_Blue
9.741600926871474 -8.372875714713784 0.0 0.23 0.23 0.33 0.0 Cone_Blue
-5.921377070544747 -62.53443956764098 0.0 0.23 0.23 0.33 0.0 Cone_Blue
-9.060393100246946 -63.983632271095345 0.0 0.23 0.23 0.33 0.0 Cone_Blue
-8.439334703326898 0.08454863700992732 0.0 0.23 0.23 0.33 0.0 Cone_Blue
10.328417247216876 -31.09368814251077 0.0 0.23 0.23 0.33 0.0 Cone_Blue
-20.80722597529817 -62.020853498676566 0.0 0.23 0.23 0.33 0.0 Cone_Blue
1.6462987778687186 -23.64267167672276 0.0 0.23 0.23 0.33 0.0 Cone_Blue
-19.842604036524815 -29.25287836741742 0.0 0.23 0.23 0.33 0.0 Cone_Blue
5.318056105837307 1.18848641796383 0.0 0.23 0.23 0.33 0.0 Cone_Blue
7.213471092602379 -50.52674394330069 0.0 0.23 0.23 0.33 0.0 Cone_Blue
-20.235701216525538 -31.32137520137723 0.0 0.23 0.23 0.33 0.0 Cone_Blue
6.697807554221171 -27.960083439032047 0.0 0.23 0.23 0.33 0.0 Cone_Blue
-18.989398452102506 -22.580147472133937 0.0 0.23 0.23 0.33 0.0 Cone_Blue
8.145788699004715 -10.591026411144227 0.0 0.23 0.23 0.33 0.0 Cone_Blue
-22.6140808389566 -54.09752467127129 0.0 0.23 0.23 0.33 0.0 Cone_Blue
8.148257221687647 -29.09504982312171 0.0 0.23 0.23 0.33 0.0 Cone_Blue
-21.550860745131647 -52.15577963056961 0.0 0.23 0.23 0.33 0.0 Cone_Blue
-11.570601451450647 -2.0462788985032283 0.0 0.23 0.23 0.33 0.0 Cone_Blue
-19.177973660180196 -49.968155250108076 0.0 0.23 0.23 0.33 0.0 Cone_Blue
-16.527580855223068 -37.1184194851828 0.0 0.23 0.23 0.33 0.0 Cone_Blue
-22.06283275504409 -59.12686373905409 0.0 0.23 0.23 0.33 0.0 Cone_Blue
-9.284489052693285 -45.64835592333024 0.0 0.23 0.23 0.33 0.0 Cone_Blue
-8.213242963727707 -36.266157853510336 0.0 0.23 0.23 0.33 0.0 Cone_Blue
9.092034579773234 -47.94410672542885 0.0 0.23 0.23 0.33 0.0 Cone_Blue
-1.7379249797818392 -18.468643058566272 0.0 0.23 0.23 0.33 0.0 Cone_Blue
-18.199947574282177 -36.14662962734573 0.0 0.23 0.23 0.33 0.0 Cone_Blue
-15.078735061798676 -5.3508799234632 0.0 0.23 0.23 0.33 0.0 Cone_Blue
-3.1660799772900603 -60.71004868594429 0.0 0.23 0.23 0.33 0.0 Cone_Blue
-14.575673426242865 -37.13630438871208 0.0 0.23 0.23 0.33 0.0 Cone_Blue
-0.9995927128690347 -19.85625529266107 0.0 0.23 0.23 0.33 0.0 Cone_Blue
-13.391533163518087 -3.4579505626759577 0.0 0.23 0.23 0.33 0.0 Cone_Blue
12.421221122018057 -41.98626578033651 0.0 0.23 0.23 0.33 0.0 Cone_Blue
-17.881174413340446 -15.287859366539381 0.0 0.23 0.23 0.33 0.0 Cone_Blue
-16.523348417959586 -7.350690748265777 0.0 0.23 0.23 0.33 0.0 Cone_Blue
8.156479524523569 0.13679495102809014 0.0 0.23 0.23 0.33 0.0 Cone_Blue
12.19337737044793 -33.654659326837276 0.0 0.23 0.23 0.33 0.0 Cone_Blue
-22.887499867574967 -56.09121395842048 0.0 0.23 0.23 0.33 0.0 Cone_Blue
-18.11054540401972 -17.502948573958896 0.0 0.23 0.23 0.33 0.0 Cone_Blue
12.987474242646929 -39.084446274061776 0.0 0.23 0.23 0.33 0.0 Cone_Blue
-11.519648051263381 -46.47348497652322 0.0 0.23 0.23 0.33 0.0 Cone_Blue
-17.41608572098771 -12.039833904087322 0.0 0.23 0.23 0.33 0.0 Cone_Blue
1.1154587475339959 -14.750995249980726 0.0 0.23 0.23 0.33 0.0 Cone_Blue
-13.962218457556492 -47.121164914479095 0.0 0.23 0.23 0.33 0.0 Cone_Blue
-12.284779267009862 -36.33728704805701 0.0 0.23 0.23 0.33 0.0 Cone_Blue
-5.482228189121873 -42.36477191777912 0.0 0.23 0.23 0.33 0.0 Cone_Blue
-5.174353369206262 -40.52979792117121 0.0 0.23 0.23 0.33 0.0 Cone_Blue
4.066085876217834 -25.749492775565777 0.0 0.23 0.23 0.33 0.0 Cone_Blue
-7.110034912535362 -37.38978902073322 0.0 0.23 0.23 0.33 0.0 Cone_Blue
10.976465334157723 -45.10279101845377 0.0 0.23 0.23 0.33 0.0 Cone_Blue
-17.09565108578691 -9.728977909111299 0.0 0.23 0.23 0.33 0.0 Cone_Blue
-4.810428064769997 1.3634044132546776 0.0 0.23 0.23 0.33 0.0 Cone_Blue
-15.658965403924487 -65.2746583263469 0.0 0.23 0.23 0.33 0.0 Cone_Blue
-18.5954490627287 -19.38739553093641 0.0 0.23 0.23 0.33 0.0 Cone_Blue
6.032105231263053 -12.014083111952312 0.0 0.23 0.23 0.33 0.0 Cone_Blue
-19.47166568441715 -26.323856354502844 0.0 0.23 0.23 0.33 0.0 Cone_Blue
-1.7031612720772529 -17.311593745279566 0.0 0.23 0.23 0.33 0.0 Cone_Blue
0.45161195960515954 -22.263117816373434 0.0 0.23 0.23 0.33 0.0 Cone_Blue
12.970925749929116 -36.66855097419484 0.0 0.23 0.23 0.33 0.0 Cone_Blue
-16.771965140749533 -48.552824733531054 0.0 0.23 0.23 0.33 0.0 Cone_Blue
-6.947783162245761 -43.9573475961141 0.0 0.23 0.23 0.33 0.0 Cone_Blue
-0.45182810555293074 -58.65515282758842 0.0 0.23 0.23 0.33 0.0 Cone_Blue
10.815810345237992 -2.499187326150942 0.0 0.23 0.23 0.33 0.0 Cone_Blue
-1.0462080303414822 -16.142921596905563 0.0 0.23 0.23 0.33 0.0 Cone_Blue
10.779177859688652 -5.554466733665045 0.0 0.23 0.23 0.33 0.0 Cone_Blue
4.351797656440848 -53.958413819835826 0.0 0.23 0.23 0.33 0.0 Cone_Blue
3.568086441686056 -13.495052269158297 0.0 0.23 0.23 0.33 0.0 Cone_Blue
-19.717924013325074 -34.07731125449109 0.0 0.23 0.23 0.33 0.0 Cone_Blue
1.9872237052134345 -56.65068685253759 0.0 0.23 0.23 0.33 0.0 Cone_Blue
-12.227113990401378 -64.98142941205509 0.0 0.23 0.23 0.33 0.0 Cone_Blue
