-17.112792093397672 -5.714815401571496 0.0 0.23 0.23 0.33 0.0 Cone_Yellow
-19.60803518715972 -5.712135497051474 0.0 0.23 0.23 0.33 0.0 Cone_Yellow
11.176433830391655 -34.76001195047829 0.0 0.23 0.23 0.33 0.0 Cone_Yellow
-15.820209717002827 -21.86470017263909 0.0 0.23 0.23 0.33 0.0 Cone_Yellow
-30.892975684298047 -9.806249871141235 0.0 0.23 0.23 0.33 0.0 Cone_Yellow
3.410436150326589 -37.43759062801843 0.0 0.23 0.23 0.33 0.0 Cone_Yellow
-12.554385482224085 -18.835159318701848 0.0 0.23 0.23 0.33 0.0 Cone_Yellow
2.261890306979094 -17.11918455608801 0.0 0.23 0.23 0.33 0.0 Cone_Yellow
-0.5007681976168641 -13.724464819119 0.0 0.23 0.23 0.33 0.0 Cone_Yellow
-26.70917762040272 12.863772443014714 0.0 0.23 0.23 0.33 0.0 Cone_Yellow
-8.58176574131921 -3.5333819938200683 0.0 0.23 0.23 0.33 0.0 Cone_Yellow
1.219051225695921 -33.85928749106709 0.0 0.23 0.23 0.33 0.0 Cone_Yellow
2.758327411781618 -20.03709676846011 0.0 0.23 0.23 0.33 0.0 Cone_Yellow
-32.33672695338139 -8.287324946579076 0.0 0.23 0.23 0.33 0.0 Cone_Yellow
-28.486576983165342 12.930919045535457 0.0 0.23 0.23 0.33 0.0 Cone_Yellow
-24.306207174025875 -0.35967427476426295 0.0 0.23 0.23 0.33 0.0 Cone_Yellow
-10.48937113924394 -14.905512038599593 0.0 0.23 0.23 0.33 0.0 Cone_Yellow
-17.47713913445873 -20.935955119470453 0.0 0.23 0.23 0.33 0.0 Cone_Yellow
-33.390012899355504 -6.814405044862218 0.0 0.23 0.23 0.33 0.0 Cone_Yellow
5.480687655960249 -38.023951458194865 0.0 0.23 0.23 0.33 0.0 Cone_Yellow
1.6149323486633378 -35.93371551151914 0.0 0.23 0.23 0.33 0.0 Cone_Yellow
-22.80264362152354 -16.471497168957203 0.0 0.23 0.23 0.33 0.0 Cone_Yellow
8.444173249272271 -37.965849951976736 0.0 0.23 0.23 0.33 0.0 Cone_Yellow
1.3593982533130209 -1.5145105424521006 0.0 0.23 0.23 0.33 0.0 Cone_Yellow
-35.49058969972197 -0.9651924100504026 0.0 0.23 0.23 0.33 0.0 Cone_Yellow
-28.76262211059531 -11.611888028725875 0.0 0.23 0.23 0.33 0.0 Cone_Yellow
1.1652965256937016 -30.945757879900803 0.0 0.23 0.23 0.33 0.0 Cone_Yellow
-8.616444037232633 -13.897116838910462 0.0 0.23 0.23 0.33 0.0 Cone_Yellow
-11.739470808053557 -16.654482814458355 0.0 0.23 0.23 0.33 0.0 Cone_Yellow
-24.762222144239317 10.20667384249942 0.0 0.23 0.23 0.33 0.0 Cone_Yellow
-5.682560908930601 -2.655434052132417 0.0 0.23 0.23 0.33 0.0 Cone_Yellow
12.548404969050647 -25.966259925979422 0.0 0.23 0.23 0.33 0.0 Cone_Yellow
10.056997295871046 -36.768465205236524 0.0 0.23 0.23 0.33 0.0 Cone_Yellow
7.209350019230687 -6.956513219700122 0.0 0.23 0.23 0.33 0.0 Cone_Yellow
-25.532687377517153 -14.309956760655211 0.0 0.23 0.23 0.33 0.0 Cone_Yellow
-21.660551440663234 -5.0283079582859305 0.0 0.23 0.23 0.33 0.0 Cone_Yellow
-35.45606908728775 1.1126886238960552 0.0 0.23 0.23 0.33 0.0 Cone_Yellow
8.32435478744711 -9.758033297602996 0.0 0.23 0.23 0.33 0.0 Cone_Yellow
12.783294568086315 -28.86871297139167 0.0 0.23 0.23 0.33 0.0 Cone_Yellow
1.695862858141723 -27.86732063688344 0.0 0.23 0.23 0.33 0.0 Cone_Yellow
-2.8956864878497974 -13.244180806640735 0.0 0.23 0.23 0.33 0.0 Cone_Yellow
-5.785289955837339 -13.37551014592285 0.0 0.23 0.23 0.33 0.0 Cone_Yellow
9.130213303154985 -12.393684555787306 0.0 0.23 0.23 0.33 0.0 Cone_Yellow
-30.461947392677484 11.14090151441194 0.0 0.23 0.23 0.33 0.0 Cone_Yellow
-26.93915100824743 -13.149559845534537 0.0 0.23 0.23 0.33 0.0 Cone_Yellow
-15.005502570684857 -5.4877931316272495 0.0 0.23 0.23 0.33 0.0 Cone_Yellow
-3.4056171538240285 -1.604020259496366 0.0 0.23 0.23 0.33 0.0 Cone_Yellow
12.020307381794805 -23.080785904185234 0.0 0.23 0.23 0.33 0.0 Cone_Yellow
1.225620461145109 -15.021206439997925 0.0 0.23 0.23 0.33 0.0 Cone_Yellow
-24.311903537084078 6.905018466872402 0.0 0.23 0.23 0.33 0.0 Cone_Yellow
-14.342819186957973 -21.657666259651975 0.0 0.23 0.23 0.33 0.0 Cone_Yellow
3.393975654548015 -2.7092086678636775 0.0 0.23 0.23 0.33 0.0 Cone_Yellow
-35.20562318166999 -2.9703010603217574 0.0 0.23 0.23 0.33 0.0 Cone_Yellow
-19.71181959327778 -19.247771888497745 0.0 0.23 0.23 0.33 0.0 Cone_Yellow
-25.29736633893404 12.0325568480763 0.0 0.23 0.23 0.33 0.0 Cone_Yellow
2.2107305718791714 -25.736919149978615 0.0 0.23 0.23 0.33 0.0 Cone_Yellow
-32.331558982319706 8.915541323021916 0.0 0.23 0.23 0.33 0.0 Cone_Yellow
-23.476222542421297 -3.2558865846635214 0.0 0.23 0.23 0.33 0.0 Cone_Yellow
5.652352671515008 -4.541681915321714 0.0 0.23 0.23 0.33 0.0 Cone_Yellow
-33.66531173593347 6.098131134870879 0.0 0.23 0.23 0.33 0.0 Cone_Yellow
-34.46358908543041 -4.986785992313683 0.0 0.23 0.23 0.33 0.0 Cone_Yellow
10.980413158768979 -19.831215933108147 0.0 0.23 0.23 0.33 0.0 Cone_Yellow
10.010050956888438 -16.281341833340313 0.0 0.23 0.23 0.33 0.0 Cone_Yellow
-0.9312686918910131 -1.31257632677627 0.0 0.23 0.23 0.33 0.0 Cone_Yellow
12.220005790551962 -32.04080569378388 0.0 0.23 0.23 0.33 0.0 Cone_Yellow
2.713632572912317 -23.163361081672523 0.0 0.23 0.23 0.33 0.0 Cone_Yellow
-34.94753176661165 3.959039856570133 0.0 0.23 0.23 0.33 0.0 Cone_Yellow
-13.17553424876921 -20.72161582821959 0.0 0.23 0.23 0.33 0.0 Cone_Yellow
-11.519076469978039 -4.608978267858731 0.0 0.23 0.23 0.33 0.0 Cone_Yellow
-24.454361587171604 3.164470781898501 0.0 0.23 0.23 0.33 0.0 Cone_Yellow
10.339924087032049 -40.83036453616927 0.0 0.23 0.23 0.33 0.0 Cone_Blue
-3.7800261829756217 -16.518257870733727 0.0 0.23 0.23 0.33 0.0 Cone_Blue
-36.37645455409834 8.459579428607494 0.0 0.23 0.23 0.33 0.0 Cone_Blue
-8.984155973192841 -18.480236441006447 0.0 0.23 0.23 0.33 0.0 Cone_Blue
-34.38368886090418 11.16855617981987 0.0 0.23 0.23 0.33 0.0 Cone_Blue
-21.868266616454697 12.972266247823061 0.0 0.23 0.23 0.33 0.0 Cone_Blue
15.773499175387155 -29.002742350322332 0.0 0.23 0.23 0.33 0.0 Cone_Blue
15.339898232577593 -32.432840213192634 0.0 0.23 0.23 0.33 0.0 Cone_Blue
-38.672321620537666 2.031599793063542 0.0 0.23 0.23 0.33 0.0 Cone_Blue
-2.2861368325646048 1.4345080643698225 0.0 0.23 0.23 0.33 0.0 Cone_Blue
7.452676948914906 -41.356534713027344 0.0 0.23 0.23 0.33 0.0 Cone_Blue
-13.204943479147802 -1.982579716734291 0.0 0.23 0.23 0.33 0.0 Cone_Blue
-19.829416939487356 -23.18078045764677 0.0 0.23 0.23 0.33 0.0 Cone_Blue
-32.32120462135873 14.285080660271586 0.0 0.23 0.23 0.33 0.0 Cone_Blue
12.546523819115126 -11.501438955267913 0.0 0.23 0.23 0.33 0.0 Cone_Blue
-18.283192287763036 -24.609903920272128 0.0 0.23 0.23 0.33 0.0 Cone_Blue
-6.867167273057003 0.015013336017400292 0.0 0.23 0.23 0.33 0.0 Cone_Blue
-25.03712535523683 -18.922486148103076 0.0 0.23 0.23 0.33 0.0 Cone_Blue
-20.832201263017787 10.443753293121897 0.0 0.23 0.23 0.33 0.0 Cone_Blue
-0.2248261716738682 -38.691987839942314 0.0 0.23 0.23 0.33 0.0 Cone_Blue
-5.136193784820861 0.6440472889092668 0.0 0.23 0.23 0.33 0.0 Cone_Blue
-1.3085707577273737 -36.761622992769006 0.0 0.23 0.23 0.33 0.0 Cone_Blue
-38.52367021864246 -1.7529953232892126 0.0 0.23 0.23 0.33 0.0 Cone_Blue
-1.9071186412027537 -33.590182629289615 0.0 0.23 0.23 0.33 0.0 Cone_Blue
-11.402033494446622 -24.53552177541898 0.0 0.23 0.23 0.33 0.0 Cone_Blue
4.332949652518597 -40.888531817455686 0.0 0.23 0.23 0.33 0.0 Cone_Blue
-0.3303804173031786 -22.91050096383232 0.0 0.23 0.23 0.33 0.0 Cone_Blue
-7.720699817529894 -17.03203279881781 0.0 0.23 0.23 0.33 0.0 Cone_Blue
11.35108581070578 -8.540029874691811 0.0 0.23 0.23 0.33 0.0 Cone_Blue
-19.386102426559347 -2.1122587442714575 0.0 0.23 0.23 0.33 0.0 Cone_Blue
-13.112156376500867 -25.439217354187633 0.0 0.23 0.23 0.33 0.0 Cone_Blue
-37.57908115544078 -6.479002185736601 0.0 0.23 0.23 0.33 0.0 Cone_Blue
15.685604940592317 -25.699359422957478 0.0 0.23 0.23 0.33 0.0 Cone_Blue
-10.352915499376262 -22.889431281703068 0.0 0.23 0.23 0.33 0.0 Cone_Blue
-17.818057362146096 -2.221056375419421 0.0 0.23 0.23 0.33 0.0 Cone_Blue
-38.29089083917198 -4.045248133939557 0.0 0.23 0.23 0.33 0.0 Cone_Blue
8.06128745989918 -2.560349400693795 0.0 0.23 0.23 0.33 0.0 Cone_Blue
-30.63524208851105 -14.119704102692193 0.0 0.23 0.23 0.33 0.0 Cone_Blue
-36.64811498228582 -8.763614421595728 0.0 0.23 0.23 0.33 0.0 Cone_Blue
-29.925636970956443 16.135474693367808 0.0 0.23 0.23 0.33 0.0 Cone_Blue
0.8739132002447896 1.6597489539393102 0.0 0.23 0.23 0.33 0.0 Cone_Blue
1.3213433179344278 -39.97997652324216 0.0 0.23 0.23 0.33 0.0 Cone_Blue
-28.877953359549128 -15.48761037552488 0.0 0.23 0.23 0.33 0.0 Cone_Blue
5.899979854050727 -0.5429380701714166 0.0 0.23 0.23 0.33 0.0 Cone_Blue
-0.8145144819941379 -25.243393569744093 0.0 0.23 0.23 0.33 0.0 Cone_Blue
-33.14378185576809 -12.0047087994867 0.0 0.23 0.23 0.33 0.0 Cone_Blue
-21.027857303648773 2.277199633198908 0.0 0.23 0.23 0.33 0.0 Cone_Blue
-1.5590252000979952 -27.658211012607616 0.0 0.23 0.23 0.33 0.0 Cone_Blue
-9.817110489723188 -20.523097038383654 0.0 0.23 0.23 0.33 0.0 Cone_Blue
-1.1013406335538427 -17.94615488996552 0.0 0.23 0.23 0.33 0.0 Cone_Blue
-2.4946397147227835 -16.71301493708951 0.0 0.23 0.23 0.33 0.0 Cone_Blue
-10.136195016007964 -1.046178299689327 0.0 0.23 0.23 0.33 0.0 Cone_Blue
-6.183278592744259 -16.69151704037349 0.0 0.23 0.23 0.33 0.0 Cone_Blue
9.939350439147386 -5.436619258053346 0.0 0.23 0.23 0.33 0.0 Cone_Blue
-34.93406034953716 -10.508835576348847 0.0 0.23 0.23 0.33 0.0 Cone_Blue
-37.83474385437553 5.786982459773785 0.0 0.23 0.23 0.33 0.0 Cone_Blue
12.939576048403115 -38.71347379065586 0.0 0.23 0.23 0.33 0.0 Cone_Blue
-27.536466683806204 -16.897108651754884 0.0 0.23 0.23 0.33 0.0 Cone_Blue
-20.744839412085057 7.897164185605572 0.0 0.23 0.23 0.33 0.0 Cone_Blue
-22.117257644362134 -21.3146212676738 0.0 0.23 0.23 0.33 0.0 Cone_Blue
-20.349071096215305 -1.4698702558848353 0.0 0.23 0.23 0.33 0.0 Cone_Blue
-15.007890006513701 -2.2651204514906595 0.0 0.23 0.23 0.33 0.0 Cone_Blue
3.8421054221519277 0.7227541416508778 0.0 0.23 0.23 0.33 0.0 Cone_Blue
-1.833079282530317 -30.799742585121944 0.0 0.23 0.23 0.33 0.0 Cone_Blue
-0.5268752489256379 -20.032812071281192 0.0 0.23 0.23 0.33 0.0 Cone_Blue
15.380459388053698 -22.30868892824961 0.0 0.23 0.23 0.33 0.0 Cone_Blue
-26.28117666185549 16.994748825988697 0.0 0.23 0.23 0.33 0.0 Cone_Blue
-20.992316850530628 -0.29359773143841394 0.0 0.23 0.23 0.33 0.0 Cone_Blue
-23.70916148545402 15.345260381246586 0.0 0.23 0.23 0.33 0.0 Cone_Blue
13.94132743711538 -15.746442590597876 0.0 0.23 0.23 0.33 0.0 Cone_Blue
-20.793934265283397 5.022751561194578 0.0 0.23 0.23 0.33 0.0 Cone_Blue
-15.671396106653484 -25.63058872438574 0.0 0.23 0.23 0.33 0.0 Cone_Blue
14.972310614900312 -19.178150290936127 0.0 0.23 0.23 0.33 0.0 Cone_Blue
14.508758051536152 -35.64732715983067 0.0 0.23 0.23 0.33 0.0 Cone_Blue
