14.191401210552597 19.595704556314224 0.0 0.23 0.23 0.33 0.0 Cone_Yellow
13.93527482825683 22.07776913145072 0.0 0.23 0.23 0.33 0.0 Cone_Yellow
-11.76316810068991 -11.553357673546401 0.0 0.23 0.23 0.33 0.0 Cone_Yellow
-1.7373307262290945 16.63512248437661 0.0 0.23 0.23 0.33 0.0 Cone_Yellow
8.69283219535643 32.87723438547276 0.0 0.23 0.23 0.33 0.0 Cone_Yellow
-15.231750289820507 -4.106943426511815 0.0 0.23 0.23 0.33 0.0 Cone_Yellow
1.6145842259082401 13.701116371264176 0.0 0.23 0.23 0.33 0.0 Cone_Yellow
4.857961369298411 -0.8572867813274598 0.0 0.23 0.23 0.33 0.0 Cone_Yellow
7.947847327515677 2.2425533550013554 0.0 0.23 0.23 0.33 0.0 Cone_Yellow
31.674517318675015 31.06719934260205 0.0 0.23 0.23 0.33 0.0 Cone_Yellow
17.245858007709803 11.33693007055598 0.0 0.23 0.23 0.33 0.0 Cone_Yellow
-11.900021856584367 -1.5562558966524378 0.0 0.23 0.23 0.33 0.0 Cone_Yellow
2.007272525103514 -1.6536752491732365 0.0 0.23 0.23 0.33 0.0 Cone_Yellow
10.053828460908303 34.47073362255753 0.0 0.23 0.23 0.33 0.0 Cone_Yellow
31.55696047541896 32.841977511721424 0.0 0.23 0.23 0.33 0.0 Cone_Yellow
18.77160447845012 27.305730174622653 0.0 0.23 0.23 0.33 0.0 Cone_Yellow
5.73721057896481 12.054798074028717 0.0 0.23 0.23 0.33 0.0 Cone_Yellow
-0.9854411576507645 18.3794402721891 0.0 0.23 0.23 0.33 0.0 Cone_Yellow
11.409564552240518 35.671101887516016 0.0 0.23 0.23 0.33 0.0 Cone_Yellow
-15.600234741989127 -6.226844256327599 0.0 0.23 0.23 0.33 0.0 Cone_Yellow
-13.922204360299034 -2.1651494811389718 0.0 0.23 0.23 0.33 0.0 Cone_Yellow
2.902610874648172 24.139252268060535 0.0 0.23 0.23 0.33 0.0 Cone_Yellow
-15.235091395080588 -9.168322283272751 0.0 0.23 0.23 0.33 0.0 Cone_Yellow
20.28488064424713 1.6587626345206559 0.0 0.23 0.23 0.33 0.0 Cone_Yellow
17.0093738982844 38.366996290017646 0.0 0.23 0.23 0.33 0.0 Cone_Yellow
7.117879221504649 30.57109938611363 0.0 0.23 0.23 0.33 0.0 Cone_Yellow
-9.00777958185737 -1.2006170528837785 0.0 0.23 0.23 0.33 0.0 Cone_Yellow
6.934416564127396 10.29655615742696 0.0 0.23 0.23 0.33 0.0 Cone_Yellow
3.8680188002779827 13.116763257664928 0.0 0.23 0.23 0.33 0.0 Cone_Yellow
29.233674732759106 28.855164969043997 0.0 0.23 0.23 0.33 0.0 Cone_Yellow
18.419759664492016 8.544415764654753 0.0 0.23 0.23 0.33 0.0 Cone_Yellow
-2.8745467087363776 -12.005894107656573 0.0 0.23 0.23 0.33 0.0 Cone_Yellow
-13.876891402775573 -10.64826296381235 0.0 0.23 0.23 0.33 0.0 Cone_Yellow
15.478948199153175 -4.724053525759302 0.0 0.23 0.23 0.33 0.0 Cone_Yellow
4.769350459310041 27.078755486194254 0.0 0.23 0.23 0.33 0.0 Cone_Yellow
14.402539761343233 24.190139022350035 0.0 0.23 0.23 0.33 0.0 Cone_Yellow
19.079629512673428 38.54816735561019 0.0 0.23 0.23 0.33 0.0 Cone_Yellow
12.808177978845828 -6.123602313889869 0.0 0.23 0.23 0.33 0.0 Cone_Yellow
-5.7369859130497245 -12.540542221997114 0.0 0.23 0.23 0.33 0.0 Cone_Yellow
-5.890916680203534 -1.409044845218915 0.0 0.23 0.23 0.33 0.0 Cone_Yellow
8.1771545020426 4.674368432108363 0.0 0.23 0.23 0.33 0.0 Cone_Yellow
7.746840844956651 7.534768011553027 0.0 0.23 0.23 0.33 0.0 Cone_Yellow
10.270319254954167 -7.198469096181711 0.0 0.23 0.23 0.33 0.0 Cone_Yellow
29.571722514820546 34.621045036101755 0.0 0.23 0.23 0.33 0.0 Cone_Yellow
5.777619454861798 28.597983769829607 0.0 0.23 0.23 0.33 0.0 Cone_Yellow
14.63575477223194 17.52332472727498 0.0 0.23 0.23 0.33 0.0 Cone_Yellow
19.70165446423382 6.388797628328408 0.0 0.23 0.23 0.33 0.0 Cone_Yellow
-0.05940475866065964 -11.181380194469867 0.0 0.23 0.23 0.33 0.0 Cone_Yellow
6.8371496412554285 0.39098448451400714 0.0 0.23 0.23 0.33 0.0 Cone_Yellow
25.99652905578307 28.064846720872822 0.0 0.23 0.23 0.33 0.0 Cone_Yellow
-1.378187120034075 15.187171625568823 0.0 0.23 0.23 0.33 0.0 Cone_Yellow
19.307639659553733 -0.48874961697257646 0.0 0.23 0.23 0.33 0.0 Cone_Yellow
15.044633530161489 37.8756085595319 0.0 0.23 0.23 0.33 0.0 Cone_Yellow
0.46187013935169097 20.7771578085003 0.0 0.23 0.23 0.33 0.0 Cone_Yellow
30.994209045706498 29.576792984093856 0.0 0.23 0.23 0.33 0.0 Cone_Yellow
-3.7186050913070607 -1.7001833325434177 0.0 0.23 0.23 0.33 0.0 Cone_Yellow
27.164458308397396 36.24977291945792 0.0 0.23 0.23 0.33 0.0 Cone_Yellow
15.97709208638658 26.179843535872955 0.0 0.23 0.23 0.33 0.0 Cone_Yellow
17.719274146603123 -2.9250008254244655 0.0 0.23 0.23 0.33 0.0 Cone_Yellow
24.22391304445064 37.284127852133295 0.0 0.23 0.23 0.33 0.0 Cone_Yellow
13.11598257288108 36.928438265490776 0.0 0.23 0.23 0.33 0.0 Cone_Yellow
3.0647891114905095 -9.810067810759165 0.0 0.23 0.23 0.33 0.0 Cone_Yellow
6.494879065726514 -8.476766707148208 0.0 0.23 0.23 0.33 0.0 Cone_Yellow
20.24815145167099 3.9580197858031525 0.0 0.23 0.23 0.33 0.0 Cone_Yellow
-8.950393002665539 -12.309281843296795 0.0 0.23 0.23 0.33 0.0 Cone_Yellow
-1.106767809182654 -1.9334590605811108 0.0 0.23 0.23 0.33 0.0 Cone_Yellow
21.963373289538353 38.33757918961206 0.0 0.23 0.23 0.33 0.0 Cone_Yellow
-0.3261207846669072 14.123263282197929 0.0 0.23 0.23 0.33 0.0 Cone_Yellow
15.871421787789421 14.146845859114615 0.0 0.23 0.23 0.33 0.0 Cone_Yellow
22.261378664313384 27.818589065758932 0.0 0.23 0.23 0.33 0.0 Cone_Yellow
-17.8875420439697 -11.350940114485162 0.0 0.23 0.23 0.33 0.0 Cone_Blue
4.829015556997982 5.214371138278011 0.0 0.23 0.23 0.33 0.0 Cone_Blue
26.291442735372158 40.22556532412492 0.0 0.23 0.23 0.33 0.0 Cone_Blue
2.337876117492276 10.186951059865487 0.0 0.23 0.23 0.33 0.0 Cone_Blue
29.192488246035133 38.5245053335182 0.0 0.23 0.23 0.33 0.0 Cone_Blue
32.28449664996118 26.26364696241189 0.0 0.23 0.23 0.33 0.0 Cone_Blue
-5.560166181083969 -15.528521848823118 0.0 0.23 0.23 0.33 0.0 Cone_Blue
-9.016736575030402 -15.4530086833105 0.0 0.23 0.23 0.33 0.0 Cone_Blue
19.660014472087024 41.842379157140826 0.0 0.23 0.23 0.33 0.0 Cone_Blue
22.839902340218476 5.590492653082766 0.0 0.23 0.23 0.33 0.0 Cone_Blue
-18.71032283810959 -8.533834710639752 0.0 0.23 0.23 0.33 0.0 Cone_Blue
18.308808434346293 16.09601574836024 0.0 0.23 0.23 0.33 0.0 Cone_Blue
-3.4621248193711134 20.4862126164912 0.0 0.23 0.23 0.33 0.0 Cone_Blue
32.50611443836827 36.79637121455868 0.0 0.23 0.23 0.33 0.0 Cone_Blue
11.512072604204409 -10.503817545699839 0.0 0.23 0.23 0.33 0.0 Cone_Blue
-4.72317597616309 18.800106295709533 0.0 0.23 0.23 0.33 0.0 Cone_Blue
20.952945384632855 9.999596714942198 0.0 0.23 0.23 0.33 0.0 Cone_Blue
0.23309249160108392 26.107481725407045 0.0 0.23 0.23 0.33 0.0 Cone_Blue
29.877074138858003 24.970926562743955 0.0 0.23 0.23 0.33 0.0 Cone_Blue
-16.856410606986376 -0.6213841645188296 0.0 0.23 0.23 0.33 0.0 Cone_Blue
21.75811337185119 8.343197776514039 0.0 0.23 0.23 0.33 0.0 Cone_Blue
-15.048855490216852 0.6567219620774765 0.0 0.23 0.23 0.33 0.0 Cone_Blue
15.911246338400167 41.302013619878785 0.0 0.23 0.23 0.33 0.0 Cone_Blue
-11.956596058430263 1.5809649790627347 0.0 0.23 0.23 0.33 0.0 Cone_Blue
-3.9355219294513004 11.963771009534103 0.0 0.23 0.23 0.33 0.0 Cone_Blue
-18.568403447430498 -5.382393135631112 0.0 0.23 0.23 0.33 0.0 Cone_Blue
-1.1709783249197312 1.1203631892336432 0.0 0.23 0.23 0.33 0.0 Cone_Blue
3.90930800913529 9.080507633178751 0.0 0.23 0.23 0.33 0.0 Cone_Blue
14.33352751109951 -9.007686541133111 0.0 0.23 0.23 0.33 0.0 Cone_Blue
17.538755550497005 22.230391115047887 0.0 0.23 0.23 0.33 0.0 Cone_Blue
-5.011707833241324 13.570945508863646 0.0 0.23 0.23 0.33 0.0 Cone_Blue
11.30869328739406 39.87236514039357 0.0 0.23 0.23 0.33 0.0 Cone_Blue
-2.283713759508701 -15.09849430264805 0.0 0.23 0.23 0.33 0.0 Cone_Blue
-2.189500244157183 11.091033502854664 0.0 0.23 0.23 0.33 0.0 Cone_Blue
17.593172994889613 20.659518430735137 0.0 0.23 0.23 0.33 0.0 Cone_Blue
13.65549779330472 40.83275069918204 0.0 0.23 0.23 0.33 0.0 Cone_Blue
19.939762087807345 -5.115452525685377 0.0 0.23 0.23 0.33 0.0 Cone_Blue
4.429370361449136 32.173524782797045 0.0 0.23 0.23 0.33 0.0 Cone_Blue
9.132955911564899 38.709473075231855 0.0 0.23 0.23 0.33 0.0 Cone_Blue
34.59498366876586 34.60563440159593 0.0 0.23 0.23 0.33 0.0 Cone_Blue
23.391670212900436 2.470844935331815 0.0 0.23 0.23 0.33 0.0 Cone_Blue
-17.97709382371122 -2.29279795728689 0.0 0.23 0.23 0.33 0.0 Cone_Blue
3.2510965755258607 30.283841705242068 0.0 0.23 0.23 0.33 0.0 Cone_Blue
21.722135805552647 -2.7565665653411173 0.0 0.23 0.23 0.33 0.0 Cone_Blue
-3.541501517298725 1.3599325898366885 0.0 0.23 0.23 0.33 0.0 Cone_Blue
6.272788933367912 34.88789116654045 0.0 0.23 0.23 0.33 0.0 Cone_Blue
21.734269161830028 24.31854088484674 0.0 0.23 0.23 0.33 0.0 Cone_Blue
-6.020512462872769 1.8499777137319526 0.0 0.23 0.23 0.33 0.0 Cone_Blue
0.21964324438679728 10.803540179312115 0.0 0.23 0.23 0.33 0.0 Cone_Blue
3.686636366386824 2.402038306789052 0.0 0.23 0.23 0.33 0.0 Cone_Blue
4.768621456780594 3.9157175122783983 0.0 0.23 0.23 0.33 0.0 Cone_Blue
19.558432397062642 13.140934582694562 0.0 0.23 0.23 0.33 0.0 Cone_Blue
4.407439641813203 7.586693762344801 0.0 0.23 0.23 0.33 0.0 Cone_Blue
17.273785080211812 -7.281697073595364 0.0 0.23 0.23 0.33 0.0 Cone_Blue
7.574918060494435 36.8236580743167 0.0 0.23 0.23 0.33 0.0 Cone_Blue
23.48201354231378 41.39880436639781 0.0 0.23 0.23 0.33 0.0 Cone_Blue
-15.512446861006598 -13.71702118253127 0.0 0.23 0.23 0.33 0.0 Cone_Blue
1.988330559298235 28.8034046481026 0.0 0.23 0.23 0.33 0.0 Cone_Blue
27.35327904869016 24.619918701914777 0.0 0.23 0.23 0.33 0.0 Cone_Blue
-1.8433108262135882 22.95526232614872 0.0 0.23 0.23 0.33 0.0 Cone_Blue
18.077806329701946 23.254791371875825 0.0 0.23 0.23 0.33 0.0 Cone_Blue
17.840800463272767 17.859935810706908 0.0 0.23 0.23 0.33 0.0 Cone_Blue
22.767571786428107 -0.5785198343407565 0.0 0.23 0.23 0.33 0.0 Cone_Blue
-9.173525504738896 1.7967328170347336 0.0 0.23 0.23 0.33 0.0 Cone_Blue
1.670812353668359 1.6142552019817096 0.0 0.23 0.23 0.33 0.0 Cone_Blue
1.0570234810670314 -14.44333409220556 0.0 0.23 0.23 0.33 0.0 Cone_Blue
35.82760570540215 31.06994693033914 0.0 0.23 0.23 0.33 0.0 Cone_Blue
19.18102175750453 24.01656421995497 0.0 0.23 0.23 0.33 0.0 Cone_Blue
34.45376687848949 28.34072706476501 0.0 0.23 0.23 0.33 0.0 Cone_Blue
7.434622390877698 -12.331365836332168 0.0 0.23 0.23 0.33 0.0 Cone_Blue
24.4892758623358 24.370631741694325 0.0 0.23 0.23 0.33 0.0 Cone_Blue
-5.46747635363718 16.096535747508725 0.0 0.23 0.23 0.33 0.0 Cone_Blue
4.1283488314092756 -13.712705477186795 0.0 0.23 0.23 0.33 0.0 Cone_Blue
-12.300089224460475 -14.959738260389756 0.0 0.23 0.23 0.33 0.0 Cone_Blue
