-8.132538620352662 -41.86598535438745 0.0 0.23 0.23 0.33 0.0 Cone_Yellow
-6.62401633403159 -43.85359844312682 0.0 0.23 0.23 0.33 0.0 Cone_Yellow
-2.141851483685244 -1.7659178536663376 0.0 0.23 0.23 0.33 0.0 Cone_Yellow
3.9387796663846855 -31.059837930869286 0.0 0.23 0.23 0.33 0.0 Cone_Yellow
3.4665946749370544 -50.356768746737345 0.0 0.23 0.23 0.33 0.0 Cone_Yellow
4.6909061742836125 -6.3259146002289555 0.0 0.23 0.23 0.33 0.0 Cone_Yellow
-0.44964017386015787 -30.294660158133837 0.0 0.23 0.23 0.33 0.0 Cone_Yellow
-10.785384493422441 -19.54110321132354 0.0 0.23 0.23 0.33 0.0 Cone_Yellow
-11.814725899974825 -23.79514368766366 0.0 0.23 0.23 0.33 0.0 Cone_Yellow
-17.10964845582677 -60.75158940836869 0.0 0.23 0.23 0.33 0.0 Cone_Yellow
-15.033568071403629 -36.39672079248898 0.0 0.23 0.23 0.33 0.0 Cone_Yellow
3.169591721166404 -10.236416302383162 0.0 0.23 0.23 0.33 0.0 Cone_Yellow
-8.763536992297176 -17.379438537899723 0.0 0.23 0.23 0.33 0.0 Cone_Yellow
3.1317334164693538 -52.42544431120204 0.0 0.23 0.23 0.33 0.0 Cone_Yellow
-16.087028590497475 -62.206892047689095 0.0 0.23 0.23 0.33 0.0 Cone_Yellow
-8.039758030142373 -50.833378998714196 0.0 0.23 0.23 0.33 0.0 Cone_Yellow
-4.827477143854492 -31.030156892918978 0.0 0.23 0.23 0.33 0.0 Cone_Yellow
4.202709921103704 -32.940881069359186 0.0 0.23 0.23 0.33 0.0 Cone_Yellow
2.5970948508128577 -54.15549226573191 0.0 0.23 0.23 0.33 0.0 Cone_Yellow
3.904237655233966 -4.323188218298583 0.0 0.23 0.23 0.33 0.0 Cone_Yellow
4.580979147547856 -8.66544239801335 0.0 0.23 0.23 0.33 0.0 Cone_Yellow
3.873535431831087 -39.88235259845592 0.0 0.23 0.23 0.33 0.0 Cone_Yellow
2.0638582022266907 -1.9996938422043868 0.0 0.23 0.23 0.33 0.0 Cone_Yellow
-22.65892987930213 -29.706695321389205 0.0 0.23 0.23 0.33 0.0 Cone_Yellow
-0.7866372486191509 -59.368559349585084 0.0 0.23 0.23 0.33 0.0 Cone_Yellow
3.6139753702018544 -47.56803885021152 0.0 0.23 0.23 0.33 0.0 Cone_Yellow
0.88322622738169 -12.043092031933345 0.0 0.23 0.23 0.33 0.0 Cone_Yellow
-6.763966056794586 -30.14997083402879 0.0 0.23 0.23 0.33 0.0 Cone_Yellow
-2.6786247024548944 -30.966273077621977 0.0 0.23 0.23 0.33 0.0 Cone_Yellow
-16.17354951050256 -57.59334189375145 0.0 0.23 0.23 0.33 0.0 Cone_Yellow
-17.487555585009236 -34.620734719478605 0.0 0.23 0.23 0.33 0.0 Cone_Yellow
-9.971503286824777 -5.997812478451429 0.0 0.23 0.23 0.33 0.0 Cone_Yellow
0.13442053635142948 -1.4409435128844095 0.0 0.23 0.23 0.33 0.0 Cone_Yellow
-21.869224854293837 -21.75599127858806 0.0 0.23 0.23 0.33 0.0 Cone_Yellow
3.805949200584991 -43.363850544413665 0.0 0.23 0.23 0.33 0.0 Cone_Yellow
-5.925659780646678 -45.90121686412586 0.0 0.23 0.23 0.33 0.0 Cone_Yellow
-2.461344227199014 -60.599062417363925 0.0 0.23 0.23 0.33 0.0 Cone_Yellow
-20.314504656710564 -19.17246742786306 0.0 0.23 0.23 0.33 0.0 Cone_Yellow
-7.803615364613022 -4.053675456200594 0.0 0.23 0.23 0.33 0.0 Cone_Yellow
-1.8881471807607637 -13.484537807869625 0.0 0.23 0.23 0.33 0.0 Cone_Yellow
-10.747071872356113 -25.992055435286677 0.0 0.23 0.23 0.33 0.0 Cone_Yellow
-8.893138882086678 -28.21241307881002 0.0 0.23 0.23 0.33 0.0 Cone_Yellow
-18.704639737115333 -16.935415697847844 0.0 0.23 0.23 0.33 0.0 Cone_Yellow
-13.466417494647658 -62.69540868078825 0.0 0.23 0.23 0.33 0.0 Cone_Yellow
3.7338697547470083 -45.18579058148301 0.0 0.23 0.23 0.33 0.0 Cone_Yellow
-9.589010775043118 -40.32621358357296 0.0 0.23 0.23 0.33 0.0 Cone_Yellow
-19.70288081775187 -33.44503155097137 0.0 0.23 0.23 0.33 0.0 Cone_Yellow
-11.94836518429835 -8.165037531470098 0.0 0.23 0.23 0.33 0.0 Cone_Yellow
-11.82781535612435 -21.63602690097532 0.0 0.23 0.23 0.33 0.0 Cone_Yellow
-13.81835593904782 -55.23605991903242 0.0 0.23 0.23 0.33 0.0 Cone_Yellow
2.879566164804822 -30.009308265669915 0.0 0.23 0.23 0.33 0.0 Cone_Yellow
-22.93981864138912 -27.36406638879845 0.0 0.23 0.23 0.33 0.0 Cone_Yellow
0.6367274116703454 -57.92783048555735 0.0 0.23 0.23 0.33 0.0 Cone_Yellow
4.211973819826285 -35.74153698441652 0.0 0.23 0.23 0.33 0.0 Cone_Yellow
-17.30280548255353 -59.12468411832346 0.0 0.23 0.23 0.33 0.0 Cone_Yellow
-3.8954646375586206 -14.36452410645052 0.0 0.23 0.23 0.33 0.0 Cone_Yellow
-10.563340400872743 -62.83618817200525 0.0 0.23 0.23 0.33 0.0 Cone_Yellow
-6.23711607548574 -48.41937771122002 0.0 0.23 0.23 0.33 0.0 Cone_Yellow
-22.848586803899092 -24.457194925310198 0.0 0.23 0.23 0.33 0.0 Cone_Yellow
-7.513460862630898 -62.19203649865237 0.0 0.23 0.23 0.33 0.0 Cone_Yellow
1.7924314381230304 -56.116429291957864 0.0 0.23 0.23 0.33 0.0 Cone_Yellow
-13.90516605878842 -10.960035801523826 0.0 0.23 0.23 0.33 0.0 Cone_Yellow
-16.14307786086634 -13.881501134736137 0.0 0.23 0.23 0.33 0.0 Cone_Yellow
-21.432849504597826 -31.652115429251758 0.0 0.23 0.23 0.33 0.0 Cone_Yellow
-4.937889931526784 -2.58157347993928 0.0 0.23 0.23 0.33 0.0 Cone_Yellow
-6.2482509413616745 -15.522327268574074 0.0 0.23 0.23 0.33 0.0 Cone_Yellow
-5.034661226716904 -61.91753318543499 0.0 0.23 0.23 0.33 0.0 Cone_Yellow
1.427862912823131 -29.646951804029065 0.0 0.23 0.23 0.33 0.0 Cone_Yellow
-12.399200293101817 -38.08337667620246 0.0 0.23 0.23 0.33 0.0 Cone_Yellow
-10.754967967102477 -53.08486364417999 0.0 0.23 0.23 0.33 0.0 Cone_Yellow
3.1960417529427287 1.2433719063438389 0.0 0.23 0.23 0.33 0.0 Cone_Blue
-7.6058072727941015 -24.713738560042696 0.0 0.23 0.23 0.33 0.0 Cone_Blue
-7.75159880915938 -65.77951803071657 0.0 0.23 0.23 0.33 0.0 Cone_Blue
-2.8935942247130404 -27.667951648689204 0.0 0.23 0.23 0.33 0.0 Cone_Blue
-11.114150715514324 -65.83350713748355 0.0 0.23 0.23 0.33 0.0 Cone_Blue
-20.126755417016945 -56.96434029607562 0.0 0.23 0.23 0.33 0.0 Cone_Blue
-9.507251860179252 -1.5925963922706075 0.0 0.23 0.23 0.33 0.0 Cone_Blue
-6.514692217820586 0.13892545668161205 0.0 0.23 0.23 0.33 0.0 Cone_Blue
-1.245550941456905 -63.715233911489634 0.0 0.23 0.23 0.33 0.0 Cone_Blue
-22.799027099457636 -34.39359297065054 0.0 0.23 0.23 0.33 0.0 Cone_Blue
5.362806228984988 -0.7360681147080257 0.0 0.23 0.23 0.33 0.0 Cone_Blue
-13.468931369828805 -41.01523484900688 0.0 0.23 0.23 0.33 0.0 Cone_Blue
7.413492446031473 -33.45403528454908 0.0 0.23 0.23 0.33 0.0 Cone_Blue
-14.843282801879134 -66.0787416335738 0.0 0.23 0.23 0.33 0.0 Cone_Blue
-21.483069961245363 -14.75651569033332 0.0 0.23 0.23 0.33 0.0 Cone_Blue
7.614840934947254 -31.358167127665723 0.0 0.23 0.23 0.33 0.0 Cone_Blue
-18.89581584373987 -37.1803019747944 0.0 0.23 0.23 0.33 0.0 Cone_Blue
7.177090403472053 -40.17693729517171 0.0 0.23 0.23 0.33 0.0 Cone_Blue
-18.741533473968033 -54.608927519685935 0.0 0.23 0.23 0.33 0.0 Cone_Blue
7.890133236806533 -8.459829012162931 0.0 0.23 0.23 0.33 0.0 Cone_Blue
-20.444426373771925 -36.183427681244304 0.0 0.23 0.23 0.33 0.0 Cone_Blue
7.0098494407752145 -10.491062925193972 0.0 0.23 0.23 0.33 0.0 Cone_Blue
1.6766530966159605 -61.30567357942131 0.0 0.23 0.23 0.33 0.0 Cone_Blue
4.848035476593899 -12.887488165461189 0.0 0.23 0.23 0.33 0.0 Cone_Blue
3.38968911170511 -25.926411323796927 0.0 0.23 0.23 0.33 0.0 Cone_Blue
6.879044491578152 -3.5024279331684056 0.0 0.23 0.23 0.33 0.0 Cone_Blue
-4.606616748912573 -18.098174799383465 0.0 0.23 0.23 0.33 0.0 Cone_Blue
-4.811149096032607 -27.53911624202773 0.0 0.23 0.23 0.33 0.0 Cone_Blue
-23.11635210980149 -17.500856266441936 0.0 0.23 0.23 0.33 0.0 Cone_Blue
-9.62355791527472 -45.85637578667432 0.0 0.23 0.23 0.33 0.0 Cone_Blue
5.144282514054435 -26.740406387199485 0.0 0.23 0.23 0.33 0.0 Cone_Blue
4.866264950527316 -57.69267405221291 0.0 0.23 0.23 0.33 0.0 Cone_Blue
-12.083237219069634 -3.6624668210893176 0.0 0.23 0.23 0.33 0.0 Cone_Blue
1.4443973170033924 -26.08797343120003 0.0 0.23 0.23 0.33 0.0 Cone_Blue
-10.486281246282608 -44.54248435177232 0.0 0.23 0.23 0.33 0.0 Cone_Blue
3.3601536893508706 -59.73263990473337 0.0 0.23 0.23 0.33 0.0 Cone_Blue
-25.883953509769885 -23.73942455179202 0.0 0.23 0.23 0.33 0.0 Cone_Blue
6.7436834391630835 -47.54020998728182 0.0 0.23 0.23 0.33 0.0 Cone_Blue
6.120992227066831 -55.56857176058386 0.0 0.23 0.23 0.33 0.0 Cone_Blue
-17.76634151811539 -65.29233831033099 0.0 0.23 0.23 0.33 0.0 Cone_Blue
-24.891437448628093 -32.01483938970167 0.0 0.23 0.23 0.33 0.0 Cone_Blue
7.979184442929816 -6.449449739092287 0.0 0.23 0.23 0.33 0.0 Cone_Blue
6.768527352868359 -45.31341542375706 0.0 0.23 0.23 0.33 0.0 Cone_Blue
-26.18114672964549 -26.68100154953973 0.0 0.23 0.23 0.33 0.0 Cone_Blue
-2.456741030367761 -17.07113629079509 0.0 0.23 0.23 0.33 0.0 Cone_Blue
6.579041325311649 -50.81723148108344 0.0 0.23 0.23 0.33 0.0 Cone_Blue
-12.123233248829212 -49.820505848971834 0.0 0.23 0.23 0.33 0.0 Cone_Blue
-0.08402477207413916 -16.20173589433868 0.0 0.23 0.23 0.33 0.0 Cone_Blue
-0.7633772745863991 -27.094132520114865 0.0 0.23 0.23 0.33 0.0 Cone_Blue
-8.091042672635549 -21.71727518183284 0.0 0.23 0.23 0.33 0.0 Cone_Blue
-8.228989082783112 -23.572777071051142 0.0 0.23 0.23 0.33 0.0 Cone_Blue
-16.072086726737336 -39.13969574473169 0.0 0.23 0.23 0.33 0.0 Cone_Blue
-6.012945651098437 -26.52161929146612 0.0 0.23 0.23 0.33 0.0 Cone_Blue
-24.73170533332364 -20.503319951156545 0.0 0.23 0.23 0.33 0.0 Cone_Blue
6.4723196161278205 -53.14775594174499 0.0 0.23 0.23 0.33 0.0 Cone_Blue
-4.74158148304172 -65.32215828435324 0.0 0.23 0.23 0.33 0.0 Cone_Blue
-0.06268005508331154 2.0308672565499393 0.0 0.23 0.23 0.33 0.0 Cone_Blue
7.07820719544466 -43.392381773090555 0.0 0.23 0.23 0.33 0.0 Cone_Blue
-16.76756608901165 -52.9976544395882 0.0 0.23 0.23 0.33 0.0 Cone_Blue
7.3132873379073935 -36.4047511552334 0.0 0.23 0.23 0.33 0.0 Cone_Blue
-9.551847004779653 -47.01172386152734 0.0 0.23 0.23 0.33 0.0 Cone_Blue
-12.15252500415805 -42.27916511914005 0.0 0.23 0.23 0.33 0.0 Cone_Blue
-25.942658569505817 -29.085153655793327 0.0 0.23 0.23 0.33 0.0 Cone_Blue
2.582269964392189 -14.517931083948195 0.0 0.23 0.23 0.33 0.0 Cone_Blue
-6.77803934929342 -19.996760449735266 0.0 0.23 0.23 0.33 0.0 Cone_Blue
-14.597168683148421 -5.958095015251281 0.0 0.23 0.23 0.33 0.0 Cone_Blue
-20.656654491137264 -62.91189005473184 0.0 0.23 0.23 0.33 0.0 Cone_Blue
-10.098624850572879 -48.235821953823034 0.0 0.23 0.23 0.33 0.0 Cone_Blue
-20.900943164424902 -59.86617220156806 0.0 0.23 0.23 0.33 0.0 Cone_Blue
-18.948859936001668 -11.076391705369556 0.0 0.23 0.23 0.33 0.0 Cone_Blue
-14.450067657375246 -51.29651974199759 0.0 0.23 0.23 0.33 0.0 Cone_Blue
6.845996746552684 -28.66147371257776 0.0 0.23 0.23 0.33 0.0 Cone_Blue
-16.841698824805555 -8.17821708935707 0.0 0.23 0.23 0.33 0.0 Cone_Blue
-3.4530637631745007 1.4235076986378559 0.0 0.23 0.23 0.33 0.0 Cone_Blue
