23.82179680380033 -32.92164925869753 0.0 0.23 0.23 0.33 0.0 Cone_Yellow
26.315563501625082 -32.835783458313124 0.0 0.23 0.23 0.33 0.0 Cone_Yellow
-5.480285171925228 -4.898592005434093 0.0 0.23 0.23 0.33 0.0 Cone_Yellow
21.956947783984894 -16.82780306048186 0.0 0.23 0.23 0.33 0.0 Cone_Yellow
37.44811662791638 -28.34379999636862 0.0 0.23 0.23 0.33 0.0 Cone_Yellow
2.1858072999293334 -1.947122243744424 0.0 0.23 0.23 0.33 0.0 Cone_Yellow
18.800683991154795 -19.971324109912374 0.0 0.23 0.23 0.33 0.0 Cone_Yellow
4.0546310063980435 -22.2119755817844 0.0 0.23 0.23 0.33 0.0 Cone_Yellow
6.936011660985393 -25.50652405296419 0.0 0.23 0.23 0.33 0.0 Cone_Yellow
34.07140211304865 -51.148007438173394 0.0 0.23 0.23 0.33 0.0 Cone_Yellow
15.37355169377418 -35.4044333599094 0.0 0.23 0.23 0.33 0.0 Cone_Yellow
4.502788640231795 -5.445410210236679 0.0 0.23 0.23 0.33 0.0 Cone_Yellow
3.454964071111501 -19.31351719069803 0.0 0.23 0.23 0.33 0.0 Cone_Yellow
38.94485787231743 -29.8105366123787 0.0 0.23 0.23 0.33 0.0 Cone_Yellow
35.8500647835136 -51.15204051064114 0.0 0.23 0.23 0.33 0.0 Cone_Yellow
31.20070936542593 -38.018158497197476 0.0 0.23 0.23 0.33 0.0 Cone_Yellow
16.876414216043123 -23.97177381154848 0.0 0.23 0.23 0.33 0.0 Cone_Yellow
23.645790310674684 -17.69716684409608 0.0 0.23 0.23 0.33 0.0 Cone_Yellow
40.04974721282345 -31.245152890725056 0.0 0.23 0.23 0.33 0.0 Cone_Yellow
0.09605254092583593 -1.4345938377356546 0.0 0.23 0.23 0.33 0.0 Cone_Yellow
4.033545500429394 -3.3863365468368087 0.0 0.23 0.23 0.33 0.0 Cone_Yellow
29.12636267500283 -21.969836898407657 0.0 0.23 0.23 0.33 0.0 Cone_Yellow
-2.863504923408403 -1.597818413385916 0.0 0.23 0.23 0.33 0.0 Cone_Yellow
5.510288507827553 -37.7747967983025 0.0 0.23 0.23 0.33 0.0 Cone_Yellow
42.35656113046173 -37.01614248444903 0.0 0.23 0.23 0.33 0.0 Cone_Yellow
35.25503144251173 -26.614894887731257 0.0 0.23 0.23 0.33 0.0 Cone_Yellow
4.659896452913294 -8.3551974014432 0.0 0.23 0.23 0.33 0.0 Cone_Yellow
15.040449706291959 -25.04599498390486 0.0 0.23 0.23 0.33 0.0 Cone_Yellow
18.063664128374533 -22.17954458445866 0.0 0.23 0.23 0.33 0.0 Cone_Yellow
32.03138534027677 -48.561670227786394 0.0 0.23 0.23 0.33 0.0 Cone_Yellow
12.507326861200116 -36.38470702455352 0.0 0.23 0.23 0.33 0.0 Cone_Yellow
-6.539344845441509 -13.735490334690953 0.0 0.23 0.23 0.33 0.0 Cone_Yellow
-4.432823871456083 -2.8516803181871886 0.0 0.23 0.23 0.33 0.0 Cone_Yellow
-0.5290891392540154 -32.5438077485463 0.0 0.23 0.23 0.33 0.0 Cone_Yellow
31.931389596992837 -24.03314003010531 0.0 0.23 0.23 0.33 0.0 Cone_Yellow
28.391052796573963 -33.44634652649104 0.0 0.23 0.23 0.33 0.0 Cone_Yellow
42.395796130528055 -39.09393984672645 0.0 0.23 0.23 0.33 0.0 Cone_Yellow
-1.74280397724063 -29.78361814055025 0.0 0.23 0.23 0.33 0.0 Cone_Yellow
-6.8770804258872325 -10.843200328094289 0.0 0.23 0.23 0.33 0.0 Cone_Yellow
4.238903004054112 -11.450523072247698 0.0 0.23 0.23 0.33 0.0 Cone_Yellow
9.346464581625337 -25.901521606010824 0.0 0.23 0.23 0.33 0.0 Cone_Yellow
12.22958795233184 -25.667737032422526 0.0 0.23 0.23 0.33 0.0 Cone_Yellow
-2.6416813855457555 -27.17822279493644 0.0 0.23 0.23 0.33 0.0 Cone_Yellow
37.76067211504442 -49.29305405528264 0.0 0.23 0.23 0.33 0.0 Cone_Yellow
33.37814427481552 -25.142897592542596 0.0 0.23 0.23 0.33 0.0 Cone_Yellow
21.72389035638425 -33.223305986578545 0.0 0.23 0.23 0.33 0.0 Cone_Yellow
10.26912666641148 -37.51625627903263 0.0 0.23 0.23 0.33 0.0 Cone_Yellow
-5.9091884406284585 -16.600407488395 0.0 0.23 0.23 0.33 0.0 Cone_Yellow
5.164695233303625 -24.271860234167193 0.0 0.23 0.23 0.33 0.0 Cone_Yellow
31.464190682683576 -45.27807383240606 0.0 0.23 0.23 0.33 0.0 Cone_Yellow
20.487834332354613 -17.087131974473202 0.0 0.23 0.23 0.33 0.0 Cone_Yellow
3.4345984598899904 -36.65304832499352 0.0 0.23 0.23 0.33 0.0 Cone_Yellow
42.00062254869146 -35.02240871540887 0.0 0.23 0.23 0.33 0.0 Cone_Yellow
25.938968773658356 -19.304988945969605 0.0 0.23 0.23 0.33 0.0 Cone_Yellow
32.6309841932389 -50.36741364109196 0.0 0.23 0.23 0.33 0.0 Cone_Yellow
3.79995711814777 -13.597852988050443 0.0 0.23 0.23 0.33 0.0 Cone_Yellow
39.55013904370671 -47.00275198158758 0.0 0.23 0.23 0.33 0.0 Cone_Yellow
30.268474993830985 -35.1532223183047 0.0 0.23 0.23 0.33 0.0 Cone_Yellow
1.112618213238317 -34.901867955193325 0.0 0.23 0.23 0.33 0.0 Cone_Yellow
40.78307564868834 -44.13978780015499 0.0 0.23 0.23 0.33 0.0 Cone_Yellow
41.18750055900669 -33.033524930261116 0.0 0.23 0.23 0.33 0.0 Cone_Yellow
-4.754637736366288 -19.811030116997763 0.0 0.23 0.23 0.33 0.0 Cone_Yellow
-3.658918932271437 -23.32423509669848 0.0 0.23 0.23 0.33 0.0 Cone_Yellow
7.806678462676615 -37.895319230153646 0.0 0.23 0.23 0.33 0.0 Cone_Yellow
-6.4267085169316225 -7.653117001600535 0.0 0.23 0.23 0.33 0.0 Cone_Yellow
3.388694876395082 -16.187635782435926 0.0 0.23 0.23 0.33 0.0 Cone_Yellow
41.98858221820775 -41.95654397162365 0.0 0.23 0.23 0.33 0.0 Cone_Yellow
19.354500412957066 -18.06401413945017 0.0 0.23 0.23 0.33 0.0 Cone_Yellow
18.270844847600916 -34.22528364837619 0.0 0.23 0.23 0.33 0.0 Cone_Yellow
31.47382520513874 -41.5348267853124 0.0 0.23 0.23 0.33 0.0 Cone_Yellow
-4.859709488666123 1.1976211541173534 0.0 0.23 0.23 0.33 0.0 Cone_Blue
10.114066284495024 -22.598125634628257 0.0 0.23 0.23 0.33 0.0 Cone_Blue
43.57630729319942 -46.40354361838726 0.0 0.23 0.23 0.33 0.0 Cone_Blue
15.24529747959289 -20.452713504968727 0.0 0.23 0.23 0.33 0.0 Cone_Blue
41.6809250177339 -49.18152781136458 0.0 0.23 0.23 0.33 0.0 Cone_Blue
29.23738980911146 -51.42821325397791 0.0 0.23 0.23 0.33 0.0 Cone_Blue
-9.870157865483282 -10.815363149342883 0.0 0.23 0.23 0.33 0.0 Cone_Blue
-9.558547459524004 -7.372039162063933 0.0 0.23 0.23 0.33 0.0 Cone_Blue
45.64263076182618 -39.89814316147988 0.0 0.23 0.23 0.33 0.0 Cone_Blue
9.258173951028592 -40.592595852597974 0.0 0.23 0.23 0.33 0.0 Cone_Blue
-1.9929519409376795 1.8259142816641045 0.0 0.23 0.23 0.33 0.0 Cone_Blue
20.04884819056192 -36.790204901431544 0.0 0.23 0.23 0.33 0.0 Cone_Blue
25.916928750550134 -15.37028441091026 0.0 0.23 0.23 0.33 0.0 Cone_Blue
39.73032998711169 -52.369277033329844 0.0 0.23 0.23 0.33 0.0 Cone_Blue
-6.024178876662898 -28.19113467446609 0.0 0.23 0.23 0.33 0.0 Cone_Blue
24.320965277022708 -13.996928981244452 0.0 0.23 0.23 0.33 0.0 Cone_Blue
13.785948329338506 -39.011436670333715 0.0 0.23 0.23 0.33 0.0 Cone_Blue
31.27246348808709 -19.44110067367564 0.0 0.23 0.23 0.33 0.0 Cone_Blue
28.112252362555072 -48.93805765541775 0.0 0.23 0.23 0.33 0.0 Cone_Blue
5.774267706456865 -0.5645173016793237 0.0 0.23 0.23 0.33 0.0 Cone_Blue
12.078386349751035 -39.701498273913046 0.0 0.23 0.23 0.33 0.0 Cone_Blue
6.9258289961381365 -2.4552096000479153 0.0 0.23 0.23 0.33 0.0 Cone_Blue
45.359776143020625 -36.1212064796401 0.0 0.23 0.23 0.33 0.0 Cone_Blue
7.636538879738179 -5.6034130574617365 0.0 0.23 0.23 0.33 0.0 Cone_Blue
17.446779665871333 -14.3154430715892 0.0 0.23 0.23 0.33 0.0 Cone_Blue
1.1414177074800804 1.4689100502868975 0.0 0.23 0.23 0.33 0.0 Cone_Blue
6.4397635344480655 -16.332319463760392 0.0 0.23 0.23 0.33 0.0 Cone_Blue
14.03402673244312 -21.944838976780755 0.0 0.23 0.23 0.33 0.0 Cone_Blue
-4.7244077734662575 -31.10825840406058 0.0 0.23 0.23 0.33 0.0 Cone_Blue
26.22151259562658 -36.44126833728774 0.0 0.23 0.23 0.33 0.0 Cone_Blue
19.1237577683233 -13.351632709169227 0.0 0.23 0.23 0.33 0.0 Cone_Blue
44.248079025802184 -31.431694897205507 0.0 0.23 0.23 0.33 0.0 Cone_Blue
-9.665098024646166 -14.113546683197788 0.0 0.23 0.23 0.33 0.0 Cone_Blue
16.45673413010241 -15.997724949927779 0.0 0.23 0.23 0.33 0.0 Cone_Blue
24.65059438110697 -36.38818150403616 0.0 0.23 0.23 0.33 0.0 Cone_Blue
45.04580248572337 -33.838657525079775 0.0 0.23 0.23 0.33 0.0 Cone_Blue
-1.2244916038889748 -36.96743399163383 0.0 0.23 0.23 0.33 0.0 Cone_Blue
37.03748188202251 -24.042208067844154 0.0 0.23 0.23 0.33 0.0 Cone_Blue
43.23662941643382 -29.181556952210883 0.0 0.23 0.23 0.33 0.0 Cone_Blue
37.40193252080823 -54.30351271811174 0.0 0.23 0.23 0.33 0.0 Cone_Blue
6.108106804762269 -40.929829662003584 0.0 0.23 0.23 0.33 0.0 Cone_Blue
4.1833675458184985 0.6677941921341812 0.0 0.23 0.23 0.33 0.0 Cone_Blue
35.23275955817873 -22.73752090916913 0.0 0.23 0.23 0.33 0.0 Cone_Blue
1.00704291680848 -38.90688049168328 0.0 0.23 0.23 0.33 0.0 Cone_Blue
6.8408097042235205 -13.983716544359066 0.0 0.23 0.23 0.33 0.0 Cone_Blue
39.61949265852743 -26.066855505425266 0.0 0.23 0.23 0.33 0.0 Cone_Blue
28.017993989290787 -40.76970437426576 0.0 0.23 0.23 0.33 0.0 Cone_Blue
7.499161430174393 -11.544000885380147 0.0 0.23 0.23 0.33 0.0 Cone_Blue
16.00523623822722 -18.38158199537066 0.0 0.23 0.23 0.33 0.0 Cone_Blue
7.3863986524633205 -21.266181394286843 0.0 0.23 0.23 0.33 0.0 Cone_Blue
8.822578367602752 -22.449103326954965 0.0 0.23 0.23 0.33 0.0 Cone_Blue
17.0152607340139 -37.83491150490519 0.0 0.23 0.23 0.33 0.0 Cone_Blue
12.509657013315664 -22.33969586677706 0.0 0.23 0.23 0.33 0.0 Cone_Blue
-3.203436587724223 -34.15961889848203 0.0 0.23 0.23 0.33 0.0 Cone_Blue
41.461724893809254 -27.49825837542428 0.0 0.23 0.23 0.33 0.0 Cone_Blue
44.938840727719686 -43.68088225844246 0.0 0.23 0.23 0.33 0.0 Cone_Blue
-7.382606064990565 -1.0101853622855543 0.0 0.23 0.23 0.33 0.0 Cone_Blue
33.842101519815834 -21.376513153045817 0.0 0.23 0.23 0.33 0.0 Cone_Blue
27.93457949480454 -46.396172424416065 0.0 0.23 0.23 0.33 0.0 Cone_Blue
28.26954947894893 -17.15408398527696 0.0 0.23 0.23 0.33 0.0 Cone_Blue
27.20667002886376 -37.049081187175055 0.0 0.23 0.23 0.33 0.0 Cone_Blue
21.840633236704416 -36.44386432373736 0.0 0.23 0.23 0.33 0.0 Cone_Blue
3.108534557191554 -40.09875164156923 0.0 0.23 0.23 0.33 0.0 Cone_Blue
7.661565268988998 -8.394722991268472 0.0 0.23 0.23 0.33 0.0 Cone_Blue
6.738249769229757 -19.2012233570291 0.0 0.23 0.23 0.33 0.0 Cone_Blue
-9.239826279572679 -17.49125362056799 0.0 0.23 0.23 0.33 0.0 Cone_Blue
33.79025892753356 -55.291569819318944 0.0 0.23 0.23 0.33 0.0 Cone_Blue
27.89125084940648 -38.20178724352997 0.0 0.23 0.23 0.33 0.0 Cone_Blue
31.161331288218456 -53.73438849904106 0.0 0.23 0.23 0.33 0.0 Cone_Blue
-7.568738545196748 -23.99829930599647 0.0 0.23 0.23 0.33 0.0 Cone_Blue
27.881644532373123 -43.52182795484804 0.0 0.23 0.23 0.33 0.0 Cone_Blue
21.67459486369689 -13.069566917926885 0.0 0.23 0.23 0.33 0.0 Cone_Blue
-8.720846996737432 -20.605337448072788 0.0 0.23 0.23 0.33 0.0 Cone_Blue
-8.841997203065244 -4.1300835700459295 0.0 0.23 0.23 0.33 0.0 Cone_Blue
