-15.697569759522981 -38.97959301464943 0.0 0.23 0.23 0.33 0.0 Cone_Yellow
-14.734536116938695 -41.281507757229235 0.0 0.23 0.23 0.33 0.0 Cone_Yellow
0.13898911229215294 -1.6552423969715164 0.0 0.23 0.23 0.33 0.0 Cone_Yellow
-1.3058190288394294 -31.53868861905363 0.0 0.23 0.23 0.33 0.0 Cone_Yellow
-6.59275584060335 -50.10324616096565 0.0 0.23 0.23 0.33 0.0 Cone_Yellow
5.612960506363459 -7.780255435168463 0.0 0.23 0.23 0.33 0.0 Cone_Yellow
-5.363047858667469 -29.699498596093758 0.0 0.23 0.23 0.33 0.0 Cone_Yellow
-12.678340551273156 -16.7013029340349 0.0 0.23 0.23 0.33 0.0 Cone_Yellow
-14.739652814629459 -20.562312628210794 0.0 0.23 0.23 0.33 0.0 Cone_Yellow
-29.115782946507778 -55.01723923691489 0.0 0.23 0.23 0.33 0.0 Cone_Yellow
-21.01006158581571 -31.95716516326611 0.0 0.23 0.23 0.33 0.0 Cone_Yellow
3.161317396503347 -11.185525951543003 0.0 0.23 0.23 0.33 0.0 Cone_Yellow
-10.179807643667495 -15.114483855580595 0.0 0.23 0.23 0.33 0.0 Cone_Yellow
-7.434722639187788 -52.022267412415815 0.0 0.23 0.23 0.33 0.0 Cone_Yellow
-28.489955551166815 -56.68217083677712 0.0 0.23 0.23 0.33 0.0 Cone_Yellow
-17.85216884309886 -47.684790301287194 0.0 0.23 0.23 0.33 0.0 Cone_Yellow
-9.78563073792905 -29.315867707359427 0.0 0.23 0.23 0.33 0.0 Cone_Yellow
-1.521090863590829 -33.42591952844939 0.0 0.23 0.23 0.33 0.0 Cone_Yellow
-8.385353883496165 -53.56343727917447 0.0 0.23 0.23 0.33 0.0 Cone_Yellow
5.3525878178217425 -5.644379412828869 0.0 0.23 0.23 0.33 0.0 Cone_Yellow
4.920977702442373 -10.017806343391651 0.0 0.23 0.23 0.33 0.0 Cone_Yellow
-3.5771518548922376 -40.0640665615978 0.0 0.23 0.23 0.33 0.0 Cone_Yellow
4.1523263961035575 -2.934214258022294 0.0 0.23 0.23 0.33 0.0 Cone_Yellow
-26.718290191273834 -23.5715399812567 0.0 0.23 0.23 0.33 0.0 Cone_Yellow
-12.966152629061643 -57.763674676525454 0.0 0.23 0.23 0.33 0.0 Cone_Yellow
-5.752081786060126 -47.44016474292159 0.0 0.23 0.23 0.33 0.0 Cone_Yellow
0.49553499044738514 -12.362449282298915 0.0 0.23 0.23 0.33 0.0 Cone_Yellow
-11.440184647638556 -27.979017615513097 0.0 0.23 0.23 0.33 0.0 Cone_Yellow
-7.689183603730981 -29.79184813792208 0.0 0.23 0.23 0.33 0.0 Cone_Yellow
-27.419008672091863 -52.19380769697925 0.0 0.23 0.23 0.33 0.0 Cone_Yellow
-22.941435367751673 -29.623503541927363 0.0 0.23 0.23 0.33 0.0 Cone_Yellow
-8.500647423549674 -3.7927783621047553 0.0 0.23 0.23 0.33 0.0 Cone_Yellow
2.424147955378272 -1.9103339359017468 0.0 0.23 0.23 0.33 0.0 Cone_Yellow
-23.963758343050372 -16.07154777460338 0.0 0.23 0.23 0.33 0.0 Cone_Yellow
-4.513962367980363 -43.417837858053424 0.0 0.23 0.23 0.33 0.0 Cone_Yellow
-14.570900478272286 -43.43874359306835 0.0 0.23 0.23 0.33 0.0 Cone_Yellow
-14.89553583838261 -58.5358545101831 0.0 0.23 0.23 0.33 0.0 Cone_Yellow
-21.81189872169737 -13.959380510860097 0.0 0.23 0.23 0.33 0.0 Cone_Yellow
-5.915166787943114 -2.4531154614236073 0.0 0.23 0.23 0.33 0.0 Cone_Yellow
-2.5484057879678854 -13.064375937886446 0.0 0.23 0.23 0.33 0.0 Cone_Yellow
-14.255840120200979 -22.9565205611699 0.0 0.23 0.23 0.33 0.0 Cone_Yellow
-13.016642713394248 -25.570223946124926 0.0 0.23 0.23 0.33 0.0 Cone_Yellow
-19.6933671928125 -12.19645973464009 0.0 0.23 0.23 0.33 0.0 Cone_Yellow
-26.07502403798276 -57.81104496755357 0.0 0.23 0.23 0.33 0.0 Cone_Yellow
-5.0397564695828185 -45.16374779499422 0.0 0.23 0.23 0.33 0.0 Cone_Yellow
-16.72229903276105 -37.124292995742834 0.0 0.23 0.23 0.33 0.0 Cone_Yellow
-24.791986430206205 -27.930752942307752 0.0 0.23 0.23 0.33 0.0 Cone_Yellow
-10.957018242794728 -5.396240176578665 0.0 0.23 0.23 0.33 0.0 Cone_Yellow
-14.211925692893406 -18.468641040447835 0.0 0.23 0.23 0.33 0.0 Cone_Yellow
-24.548779013726023 -50.50102986879443 0.0 0.23 0.23 0.33 0.0 Cone_Yellow
-2.0683849611113296 -30.25648776960326 0.0 0.23 0.23 0.33 0.0 Cone_Yellow
-26.403907942684 -21.23317033249505 0.0 0.23 0.23 0.33 0.0 Cone_Yellow
-11.227495012553199 -56.72505236386273 0.0 0.23 0.23 0.33 0.0 Cone_Yellow
-2.2130910111929047 -36.139753563552475 0.0 0.23 0.23 0.33 0.0 Cone_Yellow
-28.895598014316544 -53.39377101875138 0.0 0.23 0.23 0.33 0.0 Cone_Yellow
-4.712083032936477 -13.413947157612341 0.0 0.23 0.23 0.33 0.0 Cone_Yellow
-23.299582717063853 -58.673947599189276 0.0 0.23 0.23 0.33 0.0 Cone_Yellow
-15.502707808235801 -45.798801680332126 0.0 0.23 0.23 0.33 0.0 Cone_Yellow
-25.58802625674492 -18.441654251946105 0.0 0.23 0.23 0.33 0.0 Cone_Yellow
-20.185552979521525 -58.81364502139759 0.0 0.23 0.23 0.33 0.0 Cone_Yellow
-9.655204154766228 -55.26056353172638 0.0 0.23 0.23 0.33 0.0 Cone_Yellow
-13.551090344517785 -7.612515187282554 0.0 0.23 0.23 0.33 0.0 Cone_Yellow
-16.44897917673199 -9.880873457743636 0.0 0.23 0.23 0.33 0.0 Cone_Yellow
-26.018148397872583 -25.76191299753586 0.0 0.23 0.23 0.33 0.0 Cone_Yellow
-2.7722041986670094 -1.7451234778809734 0.0 0.23 0.23 0.33 0.0 Cone_Yellow
-7.279767479856523 -13.946026225638334 0.0 0.23 0.23 0.33 0.0 Cone_Yellow
-17.716944927038334 -59.168291306010595 0.0 0.23 0.23 0.33 0.0 Cone_Yellow
-3.383189462468487 -29.542321360201324 0.0 0.23 0.23 0.33 0.0 Cone_Yellow
-18.881690531713048 -34.24948676319009 0.0 0.23 0.23 0.33 0.0 Cone_Yellow
-21.044476356548596 -49.18503056541408 0.0 0.23 0.23 0.33 0.0 Cone_Yellow
6.060173152597387 -0.07774164382579585 0.0 0.23 0.23 0.33 0.0 Cone_Blue
-10.894610337292441 -22.505109811980603 0.0 0.23 0.23 0.33 0.0 Cone_Blue
-21.31401317998434 -62.227339647524815 0.0 0.23 0.23 0.33 0.0 Cone_Blue
-7.071782328401192 -26.54470295957261 0.0 0.23 0.23 0.33 0.0 Cone_Blue
-24.583053092551634 -61.43800562657884 0.0 0.23 0.23 0.33 0.0 Cone_Blue
-31.0889589457746 -50.595388184499825 0.0 0.23 0.23 0.33 0.0 Cone_Blue
-6.948601838980541 0.35603022067031986 0.0 0.23 0.23 0.33 0.0 Cone_Blue
-3.6179124223105967 1.2834401279688947 0.0 0.23 0.23 0.33 0.0 Cone_Blue
-14.498378159332319 -61.85714098870744 0.0 0.23 0.23 0.33 0.0 Cone_Blue
-28.02700026972889 -28.07419639012212 0.0 0.23 0.23 0.33 0.0 Cone_Blue
7.662543777416338 -2.536493252325073 0.0 0.23 0.23 0.33 0.0 Cone_Blue
-20.651181210520797 -36.82028812843947 0.0 0.23 0.23 0.33 0.0 Cone_Blue
1.4590613617505284 -34.72635960194053 0.0 0.23 0.23 0.33 0.0 Cone_Blue
-28.254871840628493 -60.74207951203829 0.0 0.23 0.23 0.33 0.0 Cone_Blue
-21.83801285408229 -9.391504344495225 0.0 0.23 0.23 0.33 0.0 Cone_Blue
2.1785708606060092 -32.74759467752858 0.0 0.23 0.23 0.33 0.0 Cone_Blue
-24.94550060554158 -31.749133804575838 0.0 0.23 0.23 0.33 0.0 Cone_Blue
-0.4524747652108243 -41.176113628683076 0.0 0.23 0.23 0.33 0.0 Cone_Blue
-29.158296065799227 -48.66164827888451 0.0 0.23 0.23 0.33 0.0 Cone_Blue
8.176269030332744 -10.646977243433959 0.0 0.23 0.23 0.33 0.0 Cone_Blue
-26.195316089961015 -30.396390596951946 0.0 0.23 0.23 0.33 0.0 Cone_Blue
6.81561082216077 -12.393236104982535 0.0 0.23 0.23 0.33 0.0 Cone_Blue
-11.066100475049605 -60.25566437883097 0.0 0.23 0.23 0.33 0.0 Cone_Blue
4.122808728792312 -14.172311829584945 0.0 0.23 0.23 0.33 0.0 Cone_Blue
-0.5526003309069472 -26.43122048302756 0.0 0.23 0.23 0.33 0.0 Cone_Blue
8.438137230107206 -5.594299640945309 0.0 0.23 0.23 0.33 0.0 Cone_Blue
-6.335086408762502 -16.850769071005463 0.0 0.23 0.23 0.33 0.0 Cone_Blue
-8.896058520237597 -25.940028152399453 0.0 0.23 0.23 0.33 0.0 Cone_Blue
-24.10618433930797 -11.639706712627909 0.0 0.23 0.23 0.33 0.0 Cone_Blue
-18.13987711012746 -42.46979202689785 0.0 0.23 0.23 0.33 0.0 Cone_Blue
0.9424142985016171 -27.658460161601347 0.0 0.23 0.23 0.33 0.0 Cone_Blue
-7.073720351785714 -57.55598100599122 0.0 0.23 0.23 0.33 0.0 Cone_Blue
-9.960660306180447 -1.0032224973645256 0.0 0.23 0.23 0.33 0.0 Cone_Blue
-2.476413493270528 -26.100758083655116 0.0 0.23 0.23 0.33 0.0 Cone_Blue
-18.646290686941487 -40.98179083812393 0.0 0.23 0.23 0.33 0.0 Cone_Blue
-9.042472406471376 -59.15405708605219 0.0 0.23 0.23 0.33 0.0 Cone_Blue
-28.347133007040437 -16.987015022211445 0.0 0.23 0.23 0.33 0.0 Cone_Blue
-2.7150222362519725 -48.196548463960106 0.0 0.23 0.23 0.33 0.0 Cone_Blue
-5.32729282111786 -55.81352814754098 0.0 0.23 0.23 0.33 0.0 Cone_Blue
-30.888067219792912 -59.24910109942838 0.0 0.23 0.23 0.33 0.0 Cone_Blue
-29.457440147815014 -25.247450659892095 0.0 0.23 0.23 0.33 0.0 Cone_Blue
8.76565869437249 -8.72287361763124 0.0 0.23 0.23 0.33 0.0 Cone_Blue
-2.133630202635871 -46.046847426271526 0.0 0.23 0.23 0.33 0.0 Cone_Blue
-29.371107006874634 -19.76058245266667 0.0 0.23 0.23 0.33 0.0 Cone_Blue
-3.9965829783557822 -16.394506636338736 0.0 0.23 0.23 0.33 0.0 Cone_Blue
-3.694621592550501 -51.3280596003974 0.0 0.23 0.23 0.33 0.0 Cone_Blue
-21.552163905223598 -45.68211248911892 0.0 0.23 0.23 0.33 0.0 Cone_Blue
-1.4817865260050906 -16.146639141548043 0.0 0.23 0.23 0.33 0.0 Cone_Blue
-4.865747107795749 -26.52231429340091 0.0 0.23 0.23 0.33 0.0 Cone_Blue
-10.614424096781011 -19.482570839388163 0.0 0.23 0.23 0.33 0.0 Cone_Blue
-11.212388832103553 -21.24448872858616 0.0 0.23 0.23 0.33 0.0 Cone_Blue
-22.702058175363867 -34.35290724601718 0.0 0.23 0.23 0.33 0.0 Cone_Blue
-9.804936985199724 -24.654121880504665 0.0 0.23 0.23 0.33 0.0 Cone_Blue
-26.42160253898607 -14.142303918606704 0.0 0.23 0.23 0.33 0.0 Cone_Blue
-4.381247676372006 -53.55769598464683 0.0 0.23 0.23 0.33 0.0 Cone_Blue
-18.28532858840089 -62.537906686708055 0.0 0.23 0.23 0.33 0.0 Cone_Blue
3.102271636046445 1.5003063171330524 0.0 0.23 0.23 0.33 0.0 Cone_Blue
-1.3529962614132245 -44.26446628249157 0.0 0.23 0.23 0.33 0.0 Cone_Blue
-26.843875465332943 -47.59571889114042 0.0 0.23 0.23 0.33 0.0 Cone_Blue
0.6235183029791509 -37.558078692906555 0.0 0.23 0.23 0.33 0.0 Cone_Blue
-18.359617837266317 -43.60631551613469 0.0 0.23 0.23 0.33 0.0 Cone_Blue
-19.693019968356683 -38.37346953489267 0.0 0.23 0.23 0.33 0.0 Cone_Blue
-29.741938794100054 -22.147904747228846 0.0 0.23 0.23 0.33 0.0 Cone_Blue
1.5210795101512145 -15.183767483381136 0.0 0.23 0.23 0.33 0.0 Cone_Blue
-8.91258827985781 -18.14544574325482 0.0 0.23 0.23 0.33 0.0 Cone_Blue
-12.969144306031666 -2.5965787772203015 0.0 0.23 0.23 0.33 0.0 Cone_Blue
-33.09058956738735 -56.221009573739195 0.0 0.23 0.23 0.33 0.0 Cone_Blue
-19.195369056930538 -44.654600806998786 0.0 0.23 0.23 0.33 0.0 Cone_Blue
-32.564797779740665 -53.211089775302604 0.0 0.23 0.23 0.33 0.0 Cone_Blue
-18.463373726239023 -6.462794090205726 0.0 0.23 0.23 0.33 0.0 Cone_Blue
-24.17436663629596 -46.528769571033095 0.0 0.23 0.23 0.33 0.0 Cone_Blue
2.109146461657912 -29.944300719728655 0.0 0.23 0.23 0.33 0.0 Cone_Blue
-15.697903369528 -4.1842599650303 0.0 0.23 0.23 0.33 0.0 Cone_Blue
-0.3322159467687973 1.7608487592902264 0.0 0.23 0.23 0.33 0.0 Cone_Blue
