30.54545001733785 11.266035608295123 0.0 0.23 0.23 0.33 0.0 Cone_Yellow
31.018370099712243 13.716054358129993 0.0 0.23 0.23 0.33 0.0 Cone_Yellow
-3.3109851219882387 -11.041934841488676 0.0 0.23 0.23 0.33 0.0 Cone_Yellow
14.44138223189546 13.040450464072709 0.0 0.23 0.23 0.33 0.0 Cone_Yellow
29.12454642003791 25.57038210804419 0.0 0.23 0.23 0.33 0.0 Cone_Yellow
-4.476888866578822 -2.910464125834384 0.0 0.23 0.23 0.33 0.0 Cone_Yellow
16.80110561313822 9.26216629236736 0.0 0.23 0.23 0.33 0.0 Cone_Yellow
15.69384568002918 -5.611991602726643 0.0 0.23 0.23 0.33 0.0 Cone_Yellow
19.54841495608753 -3.5386609967570344 0.0 0.23 0.23 0.33 0.0 Cone_Yellow
50.59974433686925 17.188857640699016 0.0 0.23 0.23 0.33 0.0 Cone_Yellow
31.07991236900773 2.4767573485653323 0.0 0.23 0.23 0.33 0.0 Cone_Yellow
-0.549696497522703 -1.4327695280768964 0.0 0.23 0.23 0.33 0.0 Cone_Yellow
12.73466227255064 -5.549581354860862 0.0 0.23 0.23 0.33 0.0 Cone_Yellow
30.88835891100246 26.70198104324753 0.0 0.23 0.23 0.33 0.0 Cone_Yellow
51.00068094763718 18.92174742228496 0.0 0.23 0.23 0.33 0.0 Cone_Yellow
37.160388388130436 17.321227377417493 0.0 0.23 0.23 0.33 0.0 Cone_Yellow
20.27112521960225 6.493524763840423 0.0 0.23 0.23 0.33 0.0 Cone_Yellow
15.66577045588315 14.49264051540079 0.0 0.23 0.23 0.33 0.0 Cone_Yellow
32.53339834830983 27.458783243669558 0.0 0.23 0.23 0.33 0.0 Cone_Yellow
-5.44292943716184 -4.833099279921424 0.0 0.23 0.23 0.33 0.0 Cone_Yellow
-2.661560291048694 -1.4305802011035809 0.0 0.23 0.23 0.33 0.0 Cone_Yellow
21.053935896284894 18.881268549366375 0.0 0.23 0.23 0.33 0.0 Cone_Yellow
-5.9444089129572255 -7.754424489847342 0.0 0.23 0.23 0.33 0.0 Cone_Yellow
31.188952021184562 -7.666747660038645 0.0 0.23 0.23 0.33 0.0 Cone_Yellow
38.67368646391269 28.419289984336338 0.0 0.23 0.23 0.33 0.0 Cone_Yellow
26.949752497107337 23.818523980826704 0.0 0.23 0.23 0.33 0.0 Cone_Yellow
2.3217487719258862 -1.929102508520888 0.0 0.23 0.23 0.33 0.0 Cone_Yellow
20.908450278242128 4.464107710143912 0.0 0.23 0.23 0.33 0.0 Cone_Yellow
18.78911031572578 8.050855743900193 0.0 0.23 0.23 0.33 0.0 Cone_Yellow
47.623315431576614 15.777588860217595 0.0 0.23 0.23 0.33 0.0 Cone_Yellow
31.395701449404598 -0.5359587856167636 0.0 0.23 0.23 0.33 0.0 Cone_Yellow
5.066586266464153 -14.046710557756857 0.0 0.23 0.23 0.33 0.0 Cone_Yellow
-5.072458702228502 -9.564019601197803 0.0 0.23 0.23 0.33 0.0 Cone_Yellow
24.741916590838045 -12.38618226204284 0.0 0.23 0.23 0.33 0.0 Cone_Yellow
23.69127961004859 21.154991043830723 0.0 0.23 0.23 0.33 0.0 Cone_Yellow
32.076787967660835 15.602902176709275 0.0 0.23 0.23 0.33 0.0 Cone_Yellow
40.70782189147794 27.993761693571596 0.0 0.23 0.23 0.33 0.0 Cone_Yellow
21.780455498849435 -12.953190710547698 0.0 0.23 0.23 0.33 0.0 Cone_Yellow
2.171879849237051 -13.730353856196455 0.0 0.23 0.23 0.33 0.0 Cone_Yellow
5.245016965350363 -3.0303652208817766 0.0 0.23 0.23 0.33 0.0 Cone_Yellow
20.471471012958055 -1.2771849598711462 0.0 0.23 0.23 0.33 0.0 Cone_Yellow
20.887110177816965 1.5853837610851365 0.0 0.23 0.23 0.33 0.0 Cone_Yellow
19.04015655951383 -13.24785530832558 0.0 0.23 0.23 0.33 0.0 Cone_Yellow
49.61504952804573 21.199087226869842 0.0 0.23 0.23 0.33 0.0 Cone_Yellow
25.095961812691986 22.317543775867193 0.0 0.23 0.23 0.33 0.0 Cone_Yellow
30.371234556603888 9.15372473703893 0.0 0.23 0.23 0.33 0.0 Cone_Yellow
31.999127534529926 -2.9702596682223756 0.0 0.23 0.23 0.33 0.0 Cone_Yellow
7.999880008904189 -14.071913983649512 0.0 0.23 0.23 0.33 0.0 Cone_Yellow
17.949534071536366 -4.989707704977885 0.0 0.23 0.23 0.33 0.0 Cone_Yellow
44.29595836299423 15.957616651160576 0.0 0.23 0.23 0.33 0.0 Cone_Yellow
14.366256163660918 11.550516944326077 0.0 0.23 0.23 0.33 0.0 Cone_Yellow
29.632200293441116 -9.43969234914935 0.0 0.23 0.23 0.33 0.0 Cone_Yellow
36.650804221128894 28.517341234372523 0.0 0.23 0.23 0.33 0.0 Cone_Yellow
17.744877351401588 16.369092990517828 0.0 0.23 0.23 0.33 0.0 Cone_Yellow
49.517336039461924 15.959011009018937 0.0 0.23 0.23 0.33 0.0 Cone_Yellow
7.240198691416609 -3.9375306622577355 0.0 0.23 0.23 0.33 0.0 Cone_Yellow
47.781944795374336 23.454614330809328 0.0 0.23 0.23 0.33 0.0 Cone_Yellow
34.15965097732904 17.05197800577716 0.0 0.23 0.23 0.33 0.0 Cone_Yellow
27.40692313567819 -11.312221794726295 0.0 0.23 0.23 0.33 0.0 Cone_Yellow
45.26640526190582 25.295472128583665 0.0 0.23 0.23 0.33 0.0 Cone_Yellow
34.53060426937179 28.16866051293559 0.0 0.23 0.23 0.33 0.0 Cone_Yellow
11.387204755079024 -13.663115676461228 0.0 0.23 0.23 0.33 0.0 Cone_Yellow
15.056346667449944 -13.37920274275788 0.0 0.23 0.23 0.33 0.0 Cone_Yellow
31.818998153143617 -5.455192923452994 0.0 0.23 0.23 0.33 0.0 Cone_Yellow
-0.8371980216708579 -12.5793035301194 0.0 0.23 0.23 0.33 0.0 Cone_Yellow
9.672850059104647 -4.916468288908195 0.0 0.23 0.23 0.33 0.0 Cone_Yellow
43.407315367851766 26.957875349767008 0.0 0.23 0.23 0.33 0.0 Cone_Yellow
15.065528135866813 10.227730776423504 0.0 0.23 0.23 0.33 0.0 Cone_Yellow
30.577199137498095 5.564148005460776 0.0 0.23 0.23 0.33 0.0 Cone_Yellow
40.649297656605484 16.802517220505088 0.0 0.23 0.23 0.33 0.0 Cone_Yellow
-9.114885795715441 -9.07631381116527 0.0 0.23 0.23 0.33 0.0 Cone_Blue
17.422746263221622 0.2083838599213088 0.0 0.23 0.23 0.33 0.0 Cone_Blue
48.096511818091585 27.512955004529463 0.0 0.23 0.23 0.33 0.0 Cone_Blue
16.47677254072295 5.689028028262996 0.0 0.23 0.23 0.33 0.0 Cone_Blue
50.3813544958592 25.045331839531922 0.0 0.23 0.23 0.33 0.0 Cone_Blue
49.793908342827145 12.414256232776781 0.0 0.23 0.23 0.33 0.0 Cone_Blue
1.4766769830428217 -16.641707569295402 0.0 0.23 0.23 0.33 0.0 Cone_Blue
-1.8102248838575434 -15.569393602287771 0.0 0.23 0.23 0.33 0.0 Cone_Blue
42.21644418715279 30.979182411569315 0.0 0.23 0.23 0.33 0.0 Cone_Blue
34.77220713012022 -4.642360179897718 0.0 0.23 0.23 0.33 0.0 Cone_Blue
-9.087455315936808 -6.141641996403077 0.0 0.23 0.23 0.33 0.0 Cone_Blue
33.47426983101013 6.724793652826607 0.0 0.23 0.23 0.33 0.0 Cone_Blue
13.904519412725657 17.22585225873963 0.0 0.23 0.23 0.33 0.0 Cone_Blue
53.053300786697676 22.432427498668545 0.0 0.23 0.23 0.33 0.0 Cone_Blue
19.27252613212619 -16.771104396146367 0.0 0.23 0.23 0.33 0.0 Cone_Blue
12.209585421254731 15.976691216446554 0.0 0.23 0.23 0.33 0.0 Cone_Blue
34.241556994876284 0.12410765430654891 0.0 0.23 0.23 0.33 0.0 Cone_Blue
19.06801455064239 21.537651805433605 0.0 0.23 0.23 0.33 0.0 Cone_Blue
47.11543961418158 11.873317744266497 0.0 0.23 0.23 0.33 0.0 Cone_Blue
-5.023652939631859 0.8960688851162679 0.0 0.23 0.23 0.33 0.0 Cone_Blue
34.53307419548078 -1.6944001550302374 0.0 0.23 0.23 0.33 0.0 Cone_Blue
-2.9236261356610846 1.596567417311018 0.0 0.23 0.23 0.33 0.0 Cone_Blue
38.4716589238944 31.546492526135747 0.0 0.23 0.23 0.33 0.0 Cone_Blue
0.3037869587479456 1.5866544986556654 0.0 0.23 0.23 0.33 0.0 Cone_Blue
10.985715644276349 9.204836093121214 0.0 0.23 0.23 0.33 0.0 Cone_Blue
-8.039852693399919 -3.1660321665702895 0.0 0.23 0.23 0.33 0.0 Cone_Blue
10.494895479252545 -1.974667029304019 0.0 0.23 0.23 0.33 0.0 Cone_Blue
17.66089325063269 4.175266689447037 0.0 0.23 0.23 0.33 0.0 Cone_Blue
22.406170294558606 -16.155239120520672 0.0 0.23 0.23 0.33 0.0 Cone_Blue
34.51190204151941 12.81961620800099 0.0 0.23 0.23 0.33 0.0 Cone_Blue
10.420529453840441 11.054633525531603 0.0 0.23 0.23 0.33 0.0 Cone_Blue
33.65232023101927 31.509561163087625 0.0 0.23 0.23 0.33 0.0 Cone_Blue
4.737423106267196 -17.177990033294538 0.0 0.23 0.23 0.33 0.0 Cone_Blue
12.404573866645544 7.864275081492989 0.0 0.23 0.23 0.33 0.0 Cone_Blue
34.10951868546604 11.300178850507963 0.0 0.23 0.23 0.33 0.0 Cone_Blue
36.17661457515805 31.749914808038145 0.0 0.23 0.23 0.33 0.0 Cone_Blue
28.898725258588957 -14.05141360514926 0.0 0.23 0.23 0.33 0.0 Cone_Blue
24.839821002851266 26.130241120115016 0.0 0.23 0.23 0.33 0.0 Cone_Blue
31.233189533687757 31.02586936759756 0.0 0.23 0.23 0.33 0.0 Cone_Blue
54.41903043825136 19.731041749790922 0.0 0.23 0.23 0.33 0.0 Cone_Blue
34.39782433155401 -7.7882284524626115 0.0 0.23 0.23 0.33 0.0 Cone_Blue
-6.579971144682634 -0.3796382064731709 0.0 0.23 0.23 0.33 0.0 Cone_Blue
23.165227008269717 24.662260806383586 0.0 0.23 0.23 0.33 0.0 Cone_Blue
31.287331024925383 -12.309069914414607 0.0 0.23 0.23 0.33 0.0 Cone_Blue
8.295059149044569 -1.0595201429469263 0.0 0.23 0.23 0.33 0.0 Cone_Blue
27.38970606221783 28.1952019140553 0.0 0.23 0.23 0.33 0.0 Cone_Blue
39.13212136709214 13.604649524234098 0.0 0.23 0.23 0.33 0.0 Cone_Blue
6.063840426867159 0.1267776719100553 0.0 0.23 0.23 0.33 0.0 Cone_Blue
14.62751387516273 6.892080410653346 0.0 0.23 0.23 0.33 0.0 Cone_Blue
15.515577408887856 -2.1531734930285005 0.0 0.23 0.23 0.33 0.0 Cone_Blue
16.989217788944273 -1.0172595424000015 0.0 0.23 0.23 0.33 0.0 Cone_Blue
33.81551024523584 3.534555460533433 0.0 0.23 0.23 0.33 0.0 Cone_Blue
17.70554257331381 2.601220488678333 0.0 0.23 0.23 0.33 0.0 Cone_Blue
25.720037478079917 -15.353716504025048 0.0 0.23 0.23 0.33 0.0 Cone_Blue
29.19619131855552 29.671462325902553 0.0 0.23 0.23 0.33 0.0 Cone_Blue
45.746662079247145 29.448823916923786 0.0 0.23 0.23 0.33 0.0 Cone_Blue
-7.525900099744938 -12.028353988178765 0.0 0.23 0.23 0.33 0.0 Cone_Blue
21.52815425006537 23.610469631179896 0.0 0.23 0.23 0.33 0.0 Cone_Blue
44.59802454252127 12.267487165323862 0.0 0.23 0.23 0.33 0.0 Cone_Blue
16.168431936499978 19.12096842876728 0.0 0.23 0.23 0.33 0.0 Cone_Blue
35.32427223513266 13.644253278038097 0.0 0.23 0.23 0.33 0.0 Cone_Blue
33.53660110544972 8.548679685330873 0.0 0.23 0.23 0.33 0.0 Cone_Blue
32.91819537945661 -10.526626252009027 0.0 0.23 0.23 0.33 0.0 Cone_Blue
3.030262802897507 0.9880169305094562 0.0 0.23 0.23 0.33 0.0 Cone_Blue
13.358045150158624 -2.3240629983089853 0.0 0.23 0.23 0.33 0.0 Cone_Blue
8.124838650303852 -17.517366143142393 0.0 0.23 0.23 0.33 0.0 Cone_Blue
54.576019168931374 15.98994598544018 0.0 0.23 0.23 0.33 0.0 Cone_Blue
36.6006988750354 14.054274235013285 0.0 0.23 0.23 0.33 0.0 Cone_Blue
52.47133478828116 13.77491148123391 0.0 0.23 0.23 0.33 0.0 Cone_Blue
14.840716527279152 -17.340838213939183 0.0 0.23 0.23 0.33 0.0 Cone_Blue
41.78437966973508 12.857453918478551 0.0 0.23 0.23 0.33 0.0 Cone_Blue
10.714937705841704 13.604075577996552 0.0 0.23 0.23 0.33 0.0 Cone_Blue
11.276197787587389 -17.706556969026476 0.0 0.23 0.23 0.33 0.0 Cone_Blue
-4.810454198500555 -14.147302047497913 0.0 0.23 0.23 0.33 0.0 Cone_Blue
