29.888771028505612 -24.630732137382857 0.0 0.23 0.23 0.33 0.0 Cone_Yellow
32.24753456785154 -23.816803489215403 0.0 0.23 0.23 0.33 0.0 Cone_Yellow
-6.347000812118996 -6.440828755395979 0.0 0.23 0.23 0.33 0.0 Cone_Yellow
23.38298634152244 -9.792797209464393 0.0 0.23 0.23 0.33 0.0 Cone_Yellow
41.57164644474024 -16.25554749306344 0.0 0.23 0.23 0.33 0.0 Cone_Yellow
0.11537701836940428 -1.3695547224526141 0.0 0.23 0.23 0.33 0.0 Cone_Yellow
21.288223972685827 -13.72417054918284 0.0 0.23 0.23 0.33 0.0 Cone_Yellow
7.849023386662562 -20.193674800382297 0.0 0.23 0.23 0.33 0.0 Cone_Yellow
11.57038104619972 -22.497563095284512 0.0 0.23 0.23 0.33 0.0 Cone_Yellow
45.03594545056287 -39.046613952578646 0.0 0.23 0.23 0.33 0.0 Cone_Yellow
22.54113509185035 -29.48349511064699 0.0 0.23 0.23 0.33 0.0 Cone_Yellow
3.3569779512147306 -4.03384536350336 0.0 0.23 0.23 0.33 0.0 Cone_Yellow
6.425152483097747 -17.598823527550557 0.0 0.23 0.23 0.33 0.0 Cone_Yellow
43.43292596231559 -17.218454140091264 0.0 0.23 0.23 0.33 0.0 Cone_Yellow
46.73747458591392 -38.528486784278684 0.0 0.23 0.23 0.33 0.0 Cone_Yellow
38.438447622279774 -27.337351274258552 0.0 0.23 0.23 0.33 0.0 Cone_Yellow
20.622691264790294 -18.113188457263192 0.0 0.23 0.23 0.33 0.0 Cone_Yellow
25.25259813143471 -10.128258419199595 0.0 0.23 0.23 0.33 0.0 Cone_Yellow
44.91018105930537 -18.26565120811519 0.0 0.23 0.23 0.33 0.0 Cone_Yellow
-2.0327740698789434 -1.4928722873049427 0.0 0.23 0.23 0.33 0.0 Cone_Yellow
2.304121632611274 -2.203144118642431 0.0 0.23 0.23 0.33 0.0 Cone_Yellow
31.74574981981891 -12.604417538739725 0.0 0.23 0.23 0.33 0.0 Cone_Yellow
-4.81411651174508 -2.517448720699166 0.0 0.23 0.23 0.33 0.0 Cone_Yellow
13.807794395046844 -34.64405164835457 0.0 0.23 0.23 0.33 0.0 Cone_Yellow
48.809030117550904 -23.10555692646322 0.0 0.23 0.23 0.33 0.0 Cone_Yellow
38.967745657754165 -15.24637149421736 0.0 0.23 0.23 0.33 0.0 Cone_Yellow
4.361100910879912 -6.7694040714802775 0.0 0.23 0.23 0.33 0.0 Cone_Yellow
19.182817752836492 -19.678909082974677 0.0 0.23 0.23 0.33 0.0 Cone_Yellow
21.23170080307033 -16.051452455964807 0.0 0.23 0.23 0.33 0.0 Cone_Yellow
42.326743362483555 -37.172838980771814 0.0 0.23 0.23 0.33 0.0 Cone_Yellow
20.08879442802055 -31.26175451719763 0.0 0.23 0.23 0.33 0.0 Cone_Yellow
-4.766071316581414 -15.199426896869898 0.0 0.23 0.23 0.33 0.0 Cone_Yellow
-5.946366239119268 -4.176647982956239 0.0 0.23 0.23 0.33 0.0 Cone_Yellow
6.499205356636811 -31.415761842533136 0.0 0.23 0.23 0.33 0.0 Cone_Yellow
35.03278316463219 -13.753681492950275 0.0 0.23 0.23 0.33 0.0 Cone_Yellow
34.4108184722793 -23.791390450947862 0.0 0.23 0.23 0.33 0.0 Cone_Yellow
49.456307011805194 -25.08035157049124 0.0 0.23 0.23 0.33 0.0 Cone_Yellow
4.528901602277568 -29.13329530486032 0.0 0.23 0.23 0.33 0.0 Cone_Yellow
-5.93773385508727 -12.533603628080316 0.0 0.23 0.23 0.33 0.0 Cone_Yellow
4.867027076379607 -9.851986626317444 0.0 0.23 0.23 0.33 0.0 Cone_Yellow
13.99061780527057 -22.167774709229587 0.0 0.23 0.23 0.33 0.0 Cone_Yellow
16.678184474314847 -21.098176187818794 0.0 0.23 0.23 0.33 0.0 Cone_Yellow
2.9049998691170416 -26.906412132543984 0.0 0.23 0.23 0.33 0.0 Cone_Yellow
48.0183998703628 -36.19064987119743 0.0 0.23 0.23 0.33 0.0 Cone_Yellow
36.74151475045315 -14.389996912224694 0.0 0.23 0.23 0.33 0.0 Cone_Yellow
27.971765418565425 -25.534777343688212 0.0 0.23 0.23 0.33 0.0 Cone_Yellow
18.281220280968967 -33.00032275864658 0.0 0.23 0.23 0.33 0.0 Cone_Yellow
-3.3228967585205744 -17.753266082699824 0.0 0.23 0.23 0.33 0.0 Cone_Yellow
9.514722503374056 -21.837090092255963 0.0 0.23 0.23 0.33 0.0 Cone_Yellow
40.82088880406573 -34.20027828059272 0.0 0.23 0.23 0.33 0.0 Cone_Yellow
22.054665144117052 -10.471846998446392 0.0 0.23 0.23 0.33 0.0 Cone_Yellow
11.494301420207695 -34.18084643697631 0.0 0.23 0.23 0.33 0.0 Cone_Yellow
47.883664636258715 -21.304067170223526 0.0 0.23 0.23 0.33 0.0 Cone_Yellow
27.916650813095515 -10.99230858192224 0.0 0.23 0.23 0.33 0.0 Cone_Yellow
43.42987102324895 -38.72310909375994 0.0 0.23 0.23 0.33 0.0 Cone_Yellow
5.07758374891996 -12.033583551898396 0.0 0.23 0.23 0.33 0.0 Cone_Yellow
49.056940904189275 -33.4760397705372 0.0 0.23 0.23 0.33 0.0 Cone_Yellow
36.706490448605415 -24.872144471316922 0.0 0.23 0.23 0.33 0.0 Cone_Yellow
8.76064390753001 -33.188202715999346 0.0 0.23 0.23 0.33 0.0 Cone_Yellow
49.39539778426335 -30.377307204406307 0.0 0.23 0.23 0.33 0.0 Cone_Yellow
46.52266952159347 -19.64138308153141 0.0 0.23 0.23 0.33 0.0 Cone_Yellow
-1.2769638496163829 -20.48369526586339 0.0 0.23 0.23 0.33 0.0 Cone_Yellow
0.8015262053062351 -23.520649005818733 0.0 0.23 0.23 0.33 0.0 Cone_Yellow
16.03844056128576 -34.08534764590372 0.0 0.23 0.23 0.33 0.0 Cone_Yellow
-6.443383587659735 -9.351814063338617 0.0 0.23 0.23 0.33 0.0 Cone_Yellow
5.444451393602517 -14.630027212922375 0.0 0.23 0.23 0.33 0.0 Cone_Yellow
49.907109381646315 -27.93641578013557 0.0 0.23 0.23 0.33 0.0 Cone_Yellow
21.257918372708886 -11.738314178975664 0.0 0.23 0.23 0.33 0.0 Cone_Yellow
24.964812104796202 -27.50599886581162 0.0 0.23 0.23 0.33 0.0 Cone_Yellow
39.73157149812479 -30.619024437791865 0.0 0.23 0.23 0.33 0.0 Cone_Yellow
-7.542800603169535 -0.4309209420377549 0.0 0.23 0.23 0.33 0.0 Cone_Blue
13.754976007124068 -18.784564656489543 0.0 0.23 0.23 0.33 0.0 Cone_Blue
52.72998189857149 -31.72165917062732 0.0 0.23 0.23 0.33 0.0 Cone_Blue
18.030659273230796 -15.227759996184083 0.0 0.23 0.23 0.33 0.0 Cone_Blue
51.733308792561175 -34.93356092291311 0.0 0.23 0.23 0.33 0.0 Cone_Blue
40.49701354340685 -40.733115478231035 0.0 0.23 0.23 0.33 0.0 Cone_Blue
-8.807191073301734 -13.385368114764603 0.0 0.23 0.23 0.33 0.0 Cone_Blue
-9.519810763727587 -10.002210668932365 0.0 0.23 0.23 0.33 0.0 Cone_Blue
52.79618764763219 -24.89629877131361 0.0 0.23 0.23 0.33 0.0 Cone_Blue
18.217592114681196 -36.23789005849983 0.0 0.23 0.23 0.33 0.0 Cone_Blue
-4.986655244120552 1.0110124804866185 0.0 0.23 0.23 0.33 0.0 Cone_Blue
27.41725267417171 -29.43619372012988 0.0 0.23 0.23 0.33 0.0 Cone_Blue
26.74086676793646 -7.237322906851748 0.0 0.23 0.23 0.33 0.0 Cone_Blue
50.804107432918215 -38.55338839240193 0.0 0.23 0.23 0.33 0.0 Cone_Blue
-0.031302903526494674 -28.86738275457583 0.0 0.23 0.23 0.33 0.0 Cone_Blue
24.81213842033947 -6.3928044013102365 0.0 0.23 0.23 0.33 0.0 Cone_Blue
22.08198049430049 -33.397589434973916 0.0 0.23 0.23 0.33 0.0 Cone_Blue
33.0552485542363 -9.557210840999625 0.0 0.23 0.23 0.33 0.0 Cone_Blue
38.690633645229795 -38.6827982242077 0.0 0.23 0.23 0.33 0.0 Cone_Blue
3.140080341726268 1.0052746020910543 0.0 0.23 0.23 0.33 0.0 Cone_Blue
20.652116771370277 -34.558383415280204 0.0 0.23 0.23 0.33 0.0 Cone_Blue
4.795796605070709 -0.4642200138566981 0.0 0.23 0.23 0.33 0.0 Cone_Blue
51.41737305573299 -21.368675243331584 0.0 0.23 0.23 0.33 0.0 Cone_Blue
6.399113551083268 -3.2652320307084786 0.0 0.23 0.23 0.33 0.0 Cone_Blue
18.334107316701406 -8.71465540053619 0.0 0.23 0.23 0.33 0.0 Cone_Blue
-1.8855267376637066 1.5895685284062964 0.0 0.23 0.23 0.33 0.0 Cone_Blue
8.40363723834837 -13.872945671705946 0.0 0.23 0.23 0.33 0.0 Cone_Blue
17.31061537244723 -17.009655623732293 0.0 0.23 0.23 0.33 0.0 Cone_Blue
2.067323259388349 -31.274618514279815 0.0 0.23 0.23 0.33 0.0 Cone_Blue
33.21572351780301 -27.291134639613354 0.0 0.23 0.23 0.33 0.0 Cone_Blue
19.654396994104218 -7.301141644481762 0.0 0.23 0.23 0.33 0.0 Cone_Blue
48.97839851308779 -17.211898542262755 0.0 0.23 0.23 0.33 0.0 Cone_Blue
-7.643245130836203 -16.478149064708163 0.0 0.23 0.23 0.33 0.0 Cone_Blue
17.881352800749077 -10.613411790747197 0.0 0.23 0.23 0.33 0.0 Cone_Blue
31.698395779815208 -27.701401362742303 0.0 0.23 0.23 0.33 0.0 Cone_Blue
50.44736636898885 -19.27877184481941 0.0 0.23 0.23 0.33 0.0 Cone_Blue
7.132620403739217 -35.84868853992588 0.0 0.23 0.23 0.33 0.0 Cone_Blue
39.91670793144657 -12.263869583800282 0.0 0.23 0.23 0.33 0.0 Cone_Blue
47.35113839215399 -15.357666738357276 0.0 0.23 0.23 0.33 0.0 Cone_Blue
49.145871253031416 -41.085769725670374 0.0 0.23 0.23 0.33 0.0 Cone_Blue
15.305194756186108 -37.4847225630583 0.0 0.23 0.23 0.33 0.0 Cone_Blue
1.2575844088236892 1.7164454686971666 0.0 0.23 0.23 0.33 0.0 Cone_Blue
37.80856471142468 -11.546260071553293 0.0 0.23 0.23 0.33 0.0 Cone_Blue
9.835064953093575 -37.04785179039822 0.0 0.23 0.23 0.33 0.0 Cone_Blue
8.097782208150978 -11.510060485368076 0.0 0.23 0.23 0.33 0.0 Cone_Blue
42.97920060318844 -13.441628273863161 0.0 0.23 0.23 0.33 0.0 Cone_Blue
36.203365743287975 -30.901771405682595 0.0 0.23 0.23 0.33 0.0 Cone_Blue
8.01116441422893 -8.98456313840738 0.0 0.23 0.23 0.33 0.0 Cone_Blue
18.149323571054303 -13.024804837460533 0.0 0.23 0.23 0.33 0.0 Cone_Blue
10.75652699690579 -18.311754225837735 0.0 0.23 0.23 0.33 0.0 Cone_Blue
12.47662073815924 -19.021115906693122 0.0 0.23 0.23 0.33 0.0 Cone_Blue
24.823827688481238 -31.325164759469374 0.0 0.23 0.23 0.33 0.0 Cone_Blue
15.969244204492036 -17.834481904805333 0.0 0.23 0.23 0.33 0.0 Cone_Blue
4.416804093888111 -33.745264993056516 0.0 0.23 0.23 0.33 0.0 Cone_Blue
45.16038927311845 -14.269366016823966 0.0 0.23 0.23 0.33 0.0 Cone_Blue
53.23350382298234 -28.719019013572257 0.0 0.23 0.23 0.33 0.0 Cone_Blue
-9.30668720787347 -3.2819068757888736 0.0 0.23 0.23 0.33 0.0 Cone_Blue
36.07972556206646 -10.653294737658697 0.0 0.23 0.23 0.33 0.0 Cone_Blue
37.77481902305965 -36.30497742495925 0.0 0.23 0.23 0.33 0.0 Cone_Blue
29.51338834806767 -8.252157524367933 0.0 0.23 0.23 0.33 0.0 Cone_Blue
34.33587736202795 -27.583071266330023 0.0 0.23 0.23 0.33 0.0 Cone_Blue
29.028502523300475 -28.579269352977242 0.0 0.23 0.23 0.33 0.0 Cone_Blue
12.193802282280199 -37.57052010245852 0.0 0.23 0.23 0.33 0.0 Cone_Blue
7.242201403011766 -5.926292033913533 0.0 0.23 0.23 0.33 0.0 Cone_Blue
9.530915533974952 -16.527931024843646 0.0 0.23 0.23 0.33 0.0 Cone_Blue
-6.245445868924488 -19.582326481563662 0.0 0.23 0.23 0.33 0.0 Cone_Blue
45.983189225853046 -43.09023608222679 0.0 0.23 0.23 0.33 0.0 Cone_Blue
35.32859877858941 -28.484118624304323 0.0 0.23 0.23 0.33 0.0 Cone_Blue
43.01303240308856 -42.37312894576612 0.0 0.23 0.23 0.33 0.0 Cone_Blue
-2.7383212699933175 -25.31244470161872 0.0 0.23 0.23 0.33 0.0 Cone_Blue
36.88068337688466 -33.572729323811934 0.0 0.23 0.23 0.33 0.0 Cone_Blue
22.010139389375468 -6.282903575636947 0.0 0.23 0.23 0.33 0.0 Cone_Blue
-4.8354304045315395 -22.406988226076066 0.0 0.23 0.23 0.33 0.0 Cone_Blue
-9.786225281295298 -6.692717711472406 0.0 0.23 0.23 0.33 0.0 Cone_Blue
