34.957446710758376 -1.977092908246501 0.0 0.23 0.23 0.33 0.0 Cone_Yellow
36.32540990832611 0.10975207137122389 0.0 0.23 0.23 0.33 0.0 Cone_Yellow
-4.834506751994127 -9.755536553986923 0.0 0.23 0.23 0.33 0.0 Cone_Yellow
20.733862406627726 5.780432268110688 0.0 0.23 0.23 0.33 0.0 Cone_Yellow
39.07555699670265 11.795142331194599 0.0 0.23 0.23 0.33 0.0 Cone_Yellow
-2.824858100327038 -1.7905218121269773 0.0 0.23 0.23 0.33 0.0 Cone_Yellow
21.48185495569179 1.3890506102850342 0.0 0.23 0.23 0.33 0.0 Cone_Yellow
14.808597769872279 -11.950148622786047 0.0 0.23 0.23 0.33 0.0 Cone_Yellow
19.161781683126115 -11.496062812645116 0.0 0.23 0.23 0.33 0.0 Cone_Yellow
55.75857134136893 -4.1143237295958155 0.0 0.23 0.23 0.33 0.0 Cone_Yellow
32.11384275041132 -10.310818296631323 0.0 0.23 0.23 0.33 0.0 Cone_Yellow
1.3692949860365005 -1.9150252898354 0.0 0.23 0.23 0.33 0.0 Cone_Yellow
12.094832250611468 -10.768565707961168 0.0 0.23 0.23 0.33 0.0 Cone_Yellow
41.136979102165284 12.172090015291353 0.0 0.23 0.23 0.33 0.0 Cone_Yellow
56.787590721454166 -2.663539019038099 0.0 0.23 0.23 0.33 0.0 Cone_Yellow
43.3764250407179 1.1121725206060429 0.0 0.23 0.23 0.33 0.0 Cone_Yellow
23.640400787698766 -2.4900075065590634 0.0 0.23 0.23 0.33 0.0 Cone_Yellow
22.418031553691055 6.658815300902166 0.0 0.23 0.23 0.33 0.0 Cone_Yellow
42.94618559548151 12.247430478540531 0.0 0.23 0.23 0.33 0.0 Cone_Yellow
-4.448703417322001 -3.202218205200637 0.0 0.23 0.23 0.33 0.0 Cone_Yellow
-0.5835068737269928 -1.1109491914076308 0.0 0.23 0.23 0.33 0.0 Cone_Yellow
29.06921913735711 8.672291538788986 0.0 0.23 0.23 0.33 0.0 Cone_Yellow
-6.022080576858649 -5.714210832705966 0.0 0.23 0.23 0.33 0.0 Cone_Yellow
28.362377863593593 -19.73573711369783 0.0 0.23 0.23 0.33 0.0 Cone_Yellow
48.991199843884075 10.803992195104058 0.0 0.23 0.23 0.33 0.0 Cone_Yellow
36.39838191883176 11.000492026003283 0.0 0.23 0.23 0.33 0.0 Cone_Yellow
3.8370994591034275 -3.4646979796721826 0.0 0.23 0.23 0.33 0.0 Cone_Yellow
23.45923564440427 -4.609416858019898 0.0 0.23 0.23 0.33 0.0 Cone_Yellow
22.86087364724384 -0.4865142088263088 0.0 0.23 0.23 0.33 0.0 Cone_Yellow
52.469173607928155 -4.289455537836725 0.0 0.23 0.23 0.33 0.0 Cone_Yellow
31.261791905100072 -13.217739452332557 0.0 0.23 0.23 0.33 0.0 Cone_Yellow
1.7742148641988393 -15.71684329608256 0.0 0.23 0.23 0.33 0.0 Cone_Yellow
-5.902715030120234 -7.719375041259768 0.0 0.23 0.23 0.33 0.0 Cone_Yellow
20.606020814975146 -21.65309314143103 0.0 0.23 0.23 0.33 0.0 Cone_Yellow
32.37248308913726 9.774037022660753 0.0 0.23 0.23 0.33 0.0 Cone_Yellow
38.02111975855162 1.4532591154608383 0.0 0.23 0.23 0.33 0.0 Cone_Yellow
50.71131999142779 9.63781556099952 0.0 0.23 0.23 0.33 0.0 Cone_Yellow
17.65110549497787 -21.052904977865914 0.0 0.23 0.23 0.33 0.0 Cone_Yellow
-0.7834599280037651 -14.324828044050696 0.0 0.23 0.23 0.33 0.0 Cone_Yellow
6.123101777791778 -5.593657794059277 0.0 0.23 0.23 0.33 0.0 Cone_Yellow
20.87454922370997 -9.754588235897929 0.0 0.23 0.23 0.33 0.0 Cone_Yellow
22.346202880779657 -7.2643490684292065 0.0 0.23 0.23 0.33 0.0 Cone_Yellow
15.004213523664754 -20.28477192018279 0.0 0.23 0.23 0.33 0.0 Cone_Yellow
56.370672972566815 -0.03058808763652543 0.0 0.23 0.23 0.33 0.0 Cone_Yellow
34.113438322926534 10.316011024924977 0.0 0.23 0.23 0.33 0.0 Cone_Yellow
33.994063668106094 -3.8649756791610166 0.0 0.23 0.23 0.33 0.0 Cone_Yellow
30.89549949794527 -15.698822622991068 0.0 0.23 0.23 0.33 0.0 Cone_Yellow
4.478161023406763 -16.854174628728977 0.0 0.23 0.23 0.33 0.0 Cone_Yellow
17.13161279572849 -12.231162071972983 0.0 0.23 0.23 0.33 0.0 Cone_Yellow
49.459488866888194 -2.8592412787453743 0.0 0.23 0.23 0.33 0.0 Cone_Yellow
20.09851311228722 4.430662993910838 0.0 0.23 0.23 0.33 0.0 Cone_Yellow
26.2489301157858 -20.78461624389552 0.0 0.23 0.23 0.33 0.0 Cone_Yellow
47.15711939819808 11.662954088645286 0.0 0.23 0.23 0.33 0.0 Cone_Yellow
25.05400777720596 7.6050651217366365 0.0 0.23 0.23 0.33 0.0 Cone_Yellow
54.2901866767247 -4.840943944280708 0.0 0.23 0.23 0.33 0.0 Cone_Yellow
7.624269019498442 -7.190591158505752 0.0 0.23 0.23 0.33 0.0 Cone_Yellow
55.531524549764015 2.7521273850727326 0.0 0.23 0.23 0.33 0.0 Cone_Yellow
40.49826011652251 2.0027267872530246 0.0 0.23 0.23 0.33 0.0 Cone_Yellow
23.479225273972602 -21.671723927691957 0.0 0.23 0.23 0.33 0.0 Cone_Yellow
53.90358793497927 5.410419873553407 0.0 0.23 0.23 0.33 0.0 Cone_Yellow
45.06335134424232 12.145614856853083 0.0 0.23 0.23 0.33 0.0 Cone_Yellow
7.766946766107875 -17.762455053825953 0.0 0.23 0.23 0.33 0.0 Cone_Yellow
11.269005256669448 -18.893293351606218 0.0 0.23 0.23 0.33 0.0 Cone_Yellow
29.785129837700335 -17.92916320115333 0.0 0.23 0.23 0.33 0.0 Cone_Yellow
-3.129934162845931 -12.117221840133967 0.0 0.23 0.23 0.33 0.0 Cone_Yellow
9.502870798440252 -9.020062915528301 0.0 0.23 0.23 0.33 0.0 Cone_Yellow
52.81514267443405 7.654319741812088 0.0 0.23 0.23 0.33 0.0 Cone_Yellow
20.243020215703126 2.9414141113631835 0.0 0.23 0.23 0.33 0.0 Cone_Yellow
32.82133479814377 -7.263826884793167 0.0 0.23 0.23 0.33 0.0 Cone_Yellow
46.40693181479193 -0.6927033207820923 0.0 0.23 0.23 0.33 0.0 Cone_Yellow
-9.45704249396222 -5.732963698267804 0.0 0.23 0.23 0.33 0.0 Cone_Blue
18.618443204908466 -7.222469962609209 0.0 0.23 0.23 0.33 0.0 Cone_Blue
57.36381318481628 6.386931340392843 0.0 0.23 0.23 0.33 0.0 Cone_Blue
19.824803807336632 -1.7931955285301147 0.0 0.23 0.23 0.33 0.0 Cone_Blue
58.5403027237353 3.236448439091065 0.0 0.23 0.23 0.33 0.0 Cone_Blue
53.19979791121843 -8.22514710052562 0.0 0.23 0.23 0.33 0.0 Cone_Blue
-2.532258829375877 -16.754023357420813 0.0 0.23 0.23 0.33 0.0 Cone_Blue
-5.165643981714062 -14.513741284574296 0.0 0.23 0.23 0.33 0.0 Cone_Blue
53.2407226488547 11.826605247346507 0.0 0.23 0.23 0.33 0.0 Cone_Blue
32.82577131464 -18.29881133033159 0.0 0.23 0.23 0.33 0.0 Cone_Blue
-8.317127599472428 -3.0285885162893837 0.0 0.23 0.23 0.33 0.0 Cone_Blue
35.942137693939245 -7.29040145064352 0.0 0.23 0.23 0.33 0.0 Cone_Blue
21.82676990950667 9.85613626368727 0.0 0.23 0.23 0.33 0.0 Cone_Blue
60.019716929656674 -0.19544603524031068 0.0 0.23 0.23 0.33 0.0 Cone_Blue
13.881101400927381 -23.63229322898225 0.0 0.23 0.23 0.33 0.0 Cone_Blue
19.78441747592172 9.344275851019976 0.0 0.23 0.23 0.33 0.0 Cone_Blue
34.14510525330155 -13.68793688627717 0.0 0.23 0.23 0.33 0.0 Cone_Blue
28.24094233016329 11.883866405557264 0.0 0.23 0.23 0.33 0.0 Cone_Blue
50.51657281446644 -7.708318058342249 0.0 0.23 0.23 0.33 0.0 Cone_Blue
-1.8849980780009865 1.938460308166956 0.0 0.23 0.23 0.33 0.0 Cone_Blue
33.72414158259983 -15.480907192449722 0.0 0.23 0.23 0.33 0.0 Cone_Blue
0.3237228557188274 1.7889189829401726 0.0 0.23 0.23 0.33 0.0 Cone_Blue
49.991968733123976 13.77361717053312 0.0 0.23 0.23 0.33 0.0 Cone_Blue
3.305558684892926 0.5540308763601764 0.0 0.23 0.23 0.33 0.0 Cone_Blue
16.080407458737483 3.5446044090409092 0.0 0.23 0.23 0.33 0.0 Cone_Blue
-6.217928931847737 -0.6737870240216406 0.0 0.23 0.23 0.33 0.0 Cone_Blue
11.380572103975343 -6.6108740206953005 0.0 0.23 0.23 0.33 0.0 Cone_Blue
20.34530337134683 -3.6432483522073777 0.0 0.23 0.23 0.33 0.0 Cone_Blue
17.013854062499043 -24.252677413084307 0.0 0.23 0.23 0.33 0.0 Cone_Blue
39.21673818351019 -2.046306274442907 0.0 0.23 0.23 0.33 0.0 Cone_Blue
16.260089947371824 5.470454915723525 0.0 0.23 0.23 0.33 0.0 Cone_Blue
45.51969094871558 15.569757694352758 0.0 0.23 0.23 0.33 0.0 Cone_Blue
0.28050615203993345 -18.488502334127276 0.0 0.23 0.23 0.33 0.0 Cone_Blue
16.88383553921475 1.7656255444719768 0.0 0.23 0.23 0.33 0.0 Cone_Blue
38.26744614164307 -3.2990819398443083 0.0 0.23 0.23 0.33 0.0 Cone_Blue
47.94613597573567 14.833417867002979 0.0 0.23 0.23 0.33 0.0 Cone_Blue
23.818955209282404 -24.772244677382837 0.0 0.23 0.23 0.33 0.0 Cone_Blue
35.32448790002903 13.94032172836917 0.0 0.23 0.23 0.33 0.0 Cone_Blue
43.098114439159616 16.041051967777342 0.0 0.23 0.23 0.33 0.0 Cone_Blue
60.25717843243387 -3.2131130944220967 0.0 0.23 0.23 0.33 0.0 Cone_Blue
31.284690442686596 -21.0667924383401 0.0 0.23 0.23 0.33 0.0 Cone_Blue
-3.8092022006379054 1.3493988229795928 0.0 0.23 0.23 0.33 0.0 Cone_Blue
33.21784757176564 13.218312188594277 0.0 0.23 0.23 0.33 0.0 Cone_Blue
26.690308947440304 -24.067598131953766 0.0 0.23 0.23 0.33 0.0 Cone_Blue
9.69311513441054 -4.928832796712021 0.0 0.23 0.23 0.33 0.0 Cone_Blue
38.46756177071832 14.882162234973933 0.0 0.23 0.23 0.33 0.0 Cone_Blue
43.78893223262209 -3.074773824372098 0.0 0.23 0.23 0.33 0.0 Cone_Blue
8.079605705524575 -2.9840379965787207 0.0 0.23 0.23 0.33 0.0 Cone_Blue
18.570999352786192 0.02203642267450512 0.0 0.23 0.23 0.33 0.0 Cone_Blue
15.957287862165423 -8.682777605540055 0.0 0.23 0.23 0.33 0.0 Cone_Blue
17.751917645425937 -8.191635656609202 0.0 0.23 0.23 0.33 0.0 Cone_Blue
35.046211322192185 -10.37120989653481 0.0 0.23 0.23 0.33 0.0 Cone_Blue
19.78881074981838 -5.116316906740623 0.0 0.23 0.23 0.33 0.0 Cone_Blue
20.38383619037525 -24.769760261928035 0.0 0.23 0.23 0.33 0.0 Cone_Blue
40.699356109885386 15.561741378720072 0.0 0.23 0.23 0.33 0.0 Cone_Blue
55.92523577371369 9.070190044541105 0.0 0.23 0.23 0.33 0.0 Cone_Blue
-9.108246697701887 -9.067293952038694 0.0 0.23 0.23 0.33 0.0 Cone_Blue
31.30397894266982 12.86705905700107 0.0 0.23 0.23 0.33 0.0 Cone_Blue
48.33747295904237 -6.387609159451197 0.0 0.23 0.23 0.33 0.0 Cone_Blue
24.6407934425073 10.74946530100843 0.0 0.23 0.23 0.33 0.0 Cone_Blue
40.28142536636599 -1.5919794852116524 0.0 0.23 0.23 0.33 0.0 Cone_Blue
36.692480458549575 -5.6268416582301715 0.0 0.23 0.23 0.33 0.0 Cone_Blue
28.87592401849324 -23.038078480020566 0.0 0.23 0.23 0.33 0.0 Cone_Blue
5.600401919081367 -1.035224294223399 0.0 0.23 0.23 0.33 0.0 Cone_Blue
13.89650675993413 -8.021468359302974 0.0 0.23 0.23 0.33 0.0 Cone_Blue
3.2852316678541413 -20.088935021412702 0.0 0.23 0.23 0.33 0.0 Cone_Blue
58.98159879324543 -6.733530621320218 0.0 0.23 0.23 0.33 0.0 Cone_Blue
41.617935454919916 -1.6974448131910975 0.0 0.23 0.23 0.33 0.0 Cone_Blue
56.193373633176826 -7.983280457782554 0.0 0.23 0.23 0.33 0.0 Cone_Blue
9.564967732196386 -22.47621228441222 0.0 0.23 0.23 0.33 0.0 Cone_Blue
45.95869876568645 -4.773269797046941 0.0 0.23 0.23 0.33 0.0 Cone_Blue
17.500675554389456 7.717069780221628 0.0 0.23 0.23 0.33 0.0 Cone_Blue
6.128625076472069 -21.4607846868525 0.0 0.23 0.23 0.33 0.0 Cone_Blue
-7.4009956758617435 -12.058762031277231 0.0 0.23 0.23 0.33 0.0 Cone_Blue
