-16.304635358978693 -25.387628587392808 0.0 0.23 0.23 0.33 0.0 Cone_Yellow
-16.988454296009373 -27.787344599802125 0.0 0.23 0.23 0.33 0.0 Cone_Yellow
19.36052716219741 -6.102921478652032 0.0 0.23 0.23 0.33 0.0 Cone_Yellow
-0.4153966485526226 -28.55332606529957 0.0 0.23 0.23 0.33 0.0 Cone_Yellow
-16.130844498688813 -39.76132305174619 0.0 0.23 0.23 0.33 0.0 Cone_Yellow
19.81614316551527 -14.304906701676657 0.0 0.23 0.23 0.33 0.0 Cone_Yellow
-2.4382221748592237 -24.584459399831278 0.0 0.23 0.23 0.33 0.0 Cone_Yellow
-0.04392856486540975 -9.8625724366462 0.0 0.23 0.23 0.33 0.0 Cone_Yellow
-4.063930829640225 -11.593464084551602 0.0 0.23 0.23 0.33 0.0 Cone_Yellow
-36.79737924314788 -29.547194620017464 0.0 0.23 0.23 0.33 0.0 Cone_Yellow
-16.074089946529238 -16.585133989546712 0.0 0.23 0.23 0.33 0.0 Cone_Yellow
15.775498643775009 -15.43610654111474 0.0 0.23 0.23 0.33 0.0 Cone_Yellow
2.898666013621873 -10.181631404224621 0.0 0.23 0.23 0.33 0.0 Cone_Yellow
-17.986231710384708 -40.73553501436585 0.0 0.23 0.23 0.33 0.0 Cone_Yellow
-37.34723306288102 -31.238737684176314 0.0 0.23 0.23 0.33 0.0 Cone_Yellow
-23.42024835629077 -30.845724288524746 0.0 0.23 0.23 0.33 0.0 Cone_Yellow
-5.654798772192341 -21.525040014356694 0.0 0.23 0.23 0.33 0.0 Cone_Yellow
-1.761226199100185 -29.89374588352404 0.0 0.23 0.23 0.33 0.0 Cone_Yellow
-19.69075844007872 -41.346675708984385 0.0 0.23 0.23 0.33 0.0 Cone_Yellow
20.945439295596085 -12.473390780280354 0.0 0.23 0.23 0.33 0.0 Cone_Yellow
17.879200006120538 -15.621616793187641 0.0 0.23 0.23 0.33 0.0 Cone_Yellow
-7.510024335514523 -33.79806436699941 0.0 0.23 0.23 0.33 0.0 Cone_Yellow
21.69862354616645 -9.606626727993266 0.0 0.23 0.23 0.33 0.0 Cone_Yellow
-15.302168493646171 -6.470455508453021 0.0 0.23 0.23 0.33 0.0 Cone_Yellow
-25.891247515797325 -41.77052304396983 0.0 0.23 0.23 0.33 0.0 Cone_Yellow
-13.81218312836985 -38.204870368589944 0.0 0.23 0.23 0.33 0.0 Cone_Yellow
12.957979469921185 -14.69237939499114 0.0 0.23 0.23 0.33 0.0 Cone_Yellow
-6.113545846054531 -19.44795842461896 0.0 0.23 0.23 0.33 0.0 Cone_Yellow
-4.313569183228046 -23.205144518979125 0.0 0.23 0.23 0.33 0.0 Cone_Yellow
-33.70967538337013 -28.39963482927163 0.0 0.23 0.23 0.33 0.0 Cone_Yellow
-16.127155455575426 -13.556377594554089 0.0 0.23 0.23 0.33 0.0 Cone_Yellow
11.275423621921671 -2.3822387164816448 0.0 0.23 0.23 0.33 0.0 Cone_Yellow
20.987054475109325 -7.728169623311803 0.0 0.23 0.23 0.33 0.0 Cone_Yellow
-8.469780596515289 -2.328498914537853 0.0 0.23 0.23 0.33 0.0 Cone_Yellow
-10.334791975278447 -35.8342577830836 0.0 0.23 0.23 0.33 0.0 Cone_Yellow
-18.206672325463472 -29.575189085875564 0.0 0.23 0.23 0.33 0.0 Cone_Yellow
-27.88076422667319 -41.17001948772483 0.0 0.23 0.23 0.33 0.0 Cone_Yellow
-5.470277603302747 -2.020712992593282 0.0 0.23 0.23 0.33 0.0 Cone_Yellow
14.131739727092537 -2.948688283433089 0.0 0.23 0.23 0.33 0.0 Cone_Yellow
10.14134646723015 -13.341507446775704 0.0 0.23 0.23 0.33 0.0 Cone_Yellow
-5.179819217725643 -13.766273200620152 0.0 0.23 0.23 0.33 0.0 Cone_Yellow
-5.842386604916137 -16.581954300282092 0.0 0.23 0.23 0.33 0.0 Cone_Yellow
-2.714743815694603 -1.9650439037076382 0.0 0.23 0.23 0.33 0.0 Cone_Yellow
-36.16452649078294 -33.62776597635323 0.0 0.23 0.23 0.33 0.0 Cone_Yellow
-11.835091705175586 -36.87048250082543 0.0 0.23 0.23 0.33 0.0 Cone_Yellow
-15.947709568809348 -23.298415284760015 0.0 0.23 0.23 0.33 0.0 Cone_Yellow
-16.516983887906136 -11.078883372439591 0.0 0.23 0.23 0.33 0.0 Cone_Yellow
8.355391079704813 -2.102493574416364 0.0 0.23 0.23 0.33 0.0 Cone_Yellow
-2.3451215972671475 -10.286692698604256 0.0 0.23 0.23 0.33 0.0 Cone_Yellow
-30.410507299228623 -28.867828186698873 0.0 0.23 0.23 0.33 0.0 Cone_Yellow
-0.2112142592394033 -27.0755387425473 0.0 0.23 0.23 0.33 0.0 Cone_Yellow
-13.597385675001004 -4.839344122394326 0.0 0.23 0.23 0.33 0.0 Cone_Yellow
-23.884513491079797 -42.04380891964709 0.0 0.23 0.23 0.33 0.0 Cone_Yellow
-3.995377699379254 -31.58262907906065 0.0 0.23 0.23 0.33 0.0 Cone_Yellow
-35.6122950914415 -28.41595370265042 0.0 0.23 0.23 0.33 0.0 Cone_Yellow
8.232446937906566 -12.264566480425309 0.0 0.23 0.23 0.33 0.0 Cone_Yellow
-34.5341422938597 -36.033908708605594 0.0 0.23 0.23 0.33 0.0 Cone_Yellow
-20.407465538999528 -30.83798293551474 0.0 0.23 0.23 0.33 0.0 Cone_Yellow
-11.217956266586405 -3.1670580691767896 0.0 0.23 0.23 0.33 0.0 Cone_Yellow
-32.1879024096409 -38.08618914309075 0.0 0.23 0.23 0.33 0.0 Cone_Yellow
-21.74204869440066 -41.880497328131995 0.0 0.23 0.23 0.33 0.0 Cone_Yellow
4.945366180644798 -2.215697725396616 0.0 0.23 0.23 0.33 0.0 Cone_Yellow
1.2654291858087818 -2.180023630057711 0.0 0.23 0.23 0.33 0.0 Cone_Yellow
-16.121819454251664 -8.61896773417795 0.0 0.23 0.23 0.33 0.0 Cone_Yellow
17.02953644948328 -4.356608963745462 0.0 0.23 0.23 0.33 0.0 Cone_Yellow
5.893959719268762 -11.078147885723535 0.0 0.23 0.23 0.33 0.0 Cone_Yellow
-30.480142541324003 -39.903702811853904 0.0 0.23 0.23 0.33 0.0 Cone_Yellow
-0.7930164507435498 -25.697042914817644 0.0 0.23 0.23 0.33 0.0 Cone_Yellow
-15.841288368146113 -19.70450974224507 0.0 0.23 0.23 0.33 0.0 Cone_Yellow
-26.85095803116464 -30.02610288979117 0.0 0.23 0.23 0.33 0.0 Cone_Yellow
24.971883885226045 -8.564954133240931 0.0 0.23 0.23 0.33 0.0 Cone_Blue
-2.2715645654023264 -15.510891266339641 0.0 0.23 0.23 0.33 0.0 Cone_Blue
-35.19982308787899 -40.049621661024666 0.0 0.23 0.23 0.33 0.0 Cone_Blue
-1.8049322276244633 -21.052964979759167 0.0 0.23 0.23 0.33 0.0 Cone_Blue
-37.261828011826104 -37.39296853346009 0.0 0.23 0.23 0.33 0.0 Cone_Blue
-35.58010602376712 -24.86057151129566 0.0 0.23 0.23 0.33 0.0 Cone_Blue
15.07705043627114 -0.10867505616602102 0.0 0.23 0.23 0.33 0.0 Cone_Blue
18.258457396737807 -1.4622742872410726 0.0 0.23 0.23 0.33 0.0 Cone_Blue
-29.642853368546316 -44.013207830158386 0.0 0.23 0.23 0.33 0.0 Cone_Blue
-19.13444129301533 -9.172366313228409 0.0 0.23 0.23 0.33 0.0 Cone_Blue
24.689800467154814 -11.486166216748348 0.0 0.23 0.23 0.33 0.0 Cone_Blue
-18.828177205110205 -20.60928153533704 0.0 0.23 0.23 0.33 0.0 Cone_Blue
-0.2438918585561547 -32.76953241418909 0.0 0.23 0.23 0.33 0.0 Cone_Blue
-39.69686347438917 -34.55797852083421 0.0 0.23 0.23 0.33 0.0 Cone_Blue
-2.640385775933402 1.5650765807842006 0.0 0.23 0.23 0.33 0.0 Cone_Blue
1.5530823445180877 -31.67222285963669 0.0 0.23 0.23 0.33 0.0 Cone_Blue
-19.01956760728702 -13.966905834065159 0.0 0.23 0.23 0.33 0.0 Cone_Blue
-5.762198413711719 -36.616815888731516 0.0 0.23 0.23 0.33 0.0 Cone_Blue
-32.86479019761149 -24.55419079566117 0.0 0.23 0.23 0.33 0.0 Cone_Blue
20.030401124787357 -18.14453403280232 0.0 0.23 0.23 0.33 0.0 Cone_Blue
-19.15212112391136 -12.12995659794085 0.0 0.23 0.23 0.33 0.0 Cone_Blue
17.877492301440757 -18.66008652223388 0.0 0.23 0.23 0.33 0.0 Cone_Blue
-25.9614525649381 -44.903458108001274 0.0 0.23 0.23 0.33 0.0 Cone_Blue
14.663123363991986 -18.370041901729422 0.0 0.23 0.23 0.33 0.0 Cone_Blue
3.3601912327687975 -25.03217492996675 0.0 0.23 0.23 0.33 0.0 Cone_Blue
23.387842304421646 -14.359601452948418 0.0 0.23 0.23 0.33 0.0 Cone_Blue
4.819642165366685 -13.937482619043983 0.0 0.23 0.23 0.33 0.0 Cone_Blue
-2.8531744314925396 -19.442125593426432 0.0 0.23 0.23 0.33 0.0 Cone_Blue
-5.815663062720854 1.2235653416133232 0.0 0.23 0.23 0.33 0.0 Cone_Blue
-20.39097893146913 -26.591019856881903 0.0 0.23 0.23 0.33 0.0 Cone_Blue
3.762664400008277 -26.924052653410772 0.0 0.23 0.23 0.33 0.0 Cone_Blue
-21.157101102993487 -45.2850290612075 0.0 0.23 0.23 0.33 0.0 Cone_Blue
11.875168018655327 0.7086456551086258 0.0 0.23 0.23 0.33 0.0 Cone_Blue
2.0630622802503344 -23.573504658239546 0.0 0.23 0.23 0.33 0.0 Cone_Blue
-19.85821346048053 -25.11224901544079 0.0 0.23 0.23 0.33 0.0 Cone_Blue
-23.69273103218487 -45.30534340788533 0.0 0.23 0.23 0.33 0.0 Cone_Blue
-12.466339743458864 -0.3087046895399794 0.0 0.23 0.23 0.33 0.0 Cone_Blue
-11.910895014478108 -40.691022123915225 0.0 0.23 0.23 0.33 0.0 Cone_Blue
-18.705113835004433 -45.01316600484344 0.0 0.23 0.23 0.33 0.0 Cone_Blue
-40.822932322617554 -31.74823273261393 0.0 0.23 0.23 0.33 0.0 Cone_Blue
-18.48838152232501 -6.070873698230223 0.0 0.23 0.23 0.33 0.0 Cone_Blue
21.69158726314596 -17.008745516999618 0.0 0.23 0.23 0.33 0.0 Cone_Blue
-10.115188499735906 -39.37395365147196 0.0 0.23 0.23 0.33 0.0 Cone_Blue
-14.997179867650392 -1.837118020220096 0.0 0.23 0.23 0.33 0.0 Cone_Blue
6.931730856028232 -15.040140800935177 0.0 0.23 0.23 0.33 0.0 Cone_Blue
-14.630411725480911 -42.5268341390921 0.0 0.23 0.23 0.33 0.0 Cone_Blue
-25.06190483658665 -26.972012130942424 0.0 0.23 0.23 0.33 0.0 Cone_Blue
9.051545075706414 -16.41565058489879 0.0 0.23 0.23 0.33 0.0 Cone_Blue
-0.06709059924569427 -22.412008438077734 0.0 0.23 0.23 0.33 0.0 Cone_Blue
-0.1665904701746177 -13.323808682477662 0.0 0.23 0.23 0.33 0.0 Cone_Blue
-1.7332755662776824 -14.327508977692226 0.0 0.23 0.23 0.33 0.0 Cone_Blue
-18.891187421637223 -17.401463825977583 0.0 0.23 0.23 0.33 0.0 Cone_Blue
-2.7610135219047116 -17.870145513745328 0.0 0.23 0.23 0.33 0.0 Cone_Blue
-9.186599784653637 0.7127426409641799 0.0 0.23 0.23 0.33 0.0 Cone_Blue
-16.55823039537069 -43.84070207803319 0.0 0.23 0.23 0.33 0.0 Cone_Blue
-33.02689535022671 -42.18217114182537 0.0 0.23 0.23 0.33 0.0 Cone_Blue
23.645160902259803 -5.486119471364805 0.0 0.23 0.23 0.33 0.0 Cone_Blue
-8.392990619983628 -38.46824599727668 0.0 0.23 0.23 0.33 0.0 Cone_Blue
-30.391096006124254 -25.165406978792404 0.0 0.23 0.23 0.33 0.0 Cone_Blue
-2.6637715181021893 -34.460966021079365 0.0 0.23 0.23 0.33 0.0 Cone_Blue
-21.27186847023415 -27.342022685934474 0.0 0.23 0.23 0.33 0.0 Cone_Blue
-19.048603249388314 -22.42087139133131 0.0 0.23 0.23 0.33 0.0 Cone_Blue
-16.776620132899005 -3.4712588632756614 0.0 0.23 0.23 0.33 0.0 Cone_Blue
11.99890732817951 -17.536981050862728 0.0 0.23 0.23 0.33 0.0 Cone_Blue
1.9976317905469196 -13.340857924972326 0.0 0.23 0.23 0.33 0.0 Cone_Blue
8.530001081249797 1.3407994123588054 0.0 0.23 0.23 0.33 0.0 Cone_Blue
-40.65456691286578 -28.007631702244247 0.0 0.23 0.23 0.33 0.0 Cone_Blue
-22.57907013222559 -27.639690230519143 0.0 0.23 0.23 0.33 0.0 Cone_Blue
-38.36554245114046 -25.983665000294728 0.0 0.23 0.23 0.33 0.0 Cone_Blue
1.8241516877953279 1.7479378170094435 0.0 0.23 0.23 0.33 0.0 Cone_Blue
-27.639287302096424 -25.99739682032928 0.0 0.23 0.23 0.33 0.0 Cone_Blue
3.2480525468588484 -29.43831310895655 0.0 0.23 0.23 0.33 0.0 Cone_Blue
5.406961964239371 1.802842975631691 0.0 0.23 0.23 0.33 0.0 Cone_Blue
21.123910096436344 -3.1394448678435047 0.0 0.23 0.23 0.33 0.0 Cone_Blue
