-8.083318423943277 -14.40637019308415 0.0 0.23 0.23 0.33 0.0 Cone_Yellow
-6.355906714392266 -12.605733065686884 0.0 0.23 0.23 0.33 0.0 Cone_Yellow
-48.626887375117306 -14.756745182514162 0.0 0.23 0.23 0.33 0.0 Cone_Yellow
-20.64334928034231 -4.172349858688108 0.0 0.23 0.23 0.33 0.0 Cone_Yellow
-1.509769434014597 -1.622718543625342 0.0 0.23 0.23 0.33 0.0 Cone_Yellow
-45.190856757586104 -7.295254638622697 0.0 0.23 0.23 0.33 0.0 Cone_Yellow
-20.71323536531916 -8.62643131879518 0.0 0.23 0.23 0.33 0.0 Cone_Yellow
-29.719210731065136 -20.51588064831556 0.0 0.23 0.23 0.33 0.0 Cone_Yellow
-25.356569720359634 -20.86768672741848 0.0 0.23 0.23 0.33 0.0 Cone_Yellow
11.973266722885455 -20.32143010232662 0.0 0.23 0.23 0.33 0.0 Cone_Yellow
-12.406771801920396 -22.07740749065802 0.0 0.23 0.23 0.33 0.0 Cone_Yellow
-41.0906396590789 -8.186681008506065 0.0 0.23 0.23 0.33 0.0 Cone_Yellow
-32.17031406877466 -18.85673812700999 0.0 0.23 0.23 0.33 0.0 Cone_Yellow
0.5858201159844949 -1.6301408997550195 0.0 0.23 0.23 0.33 0.0 Cone_Yellow
13.250853960708444 -19.083921310143364 0.0 0.23 0.23 0.33 0.0 Cone_Yellow
0.7593686079931423 -12.91317125608516 0.0 0.23 0.23 0.33 0.0 Cone_Yellow
-19.302543646732246 -12.835512080415116 0.0 0.23 0.23 0.33 0.0 Cone_Yellow
-18.826674338842928 -3.617665601525358 0.0 0.23 0.23 0.33 0.0 Cone_Yellow
2.378167835620056 -1.8878111789441354 0.0 0.23 0.23 0.33 0.0 Cone_Yellow
-47.046018142110185 -8.38527140781222 0.0 0.23 0.23 0.33 0.0 Cone_Yellow
-42.86289972408381 -7.038174266015033 0.0 0.23 0.23 0.33 0.0 Cone_Yellow
-11.91906223753646 -2.857877544543132 0.0 0.23 0.23 0.33 0.0 Cone_Yellow
-49.05331569202009 -10.566183875775664 0.0 0.23 0.23 0.33 0.0 Cone_Yellow
-17.822773945385645 -30.654674204903337 0.0 0.23 0.23 0.33 0.0 Cone_Yellow
8.05602886132305 -4.415182444564395 0.0 0.23 0.23 0.33 0.0 Cone_Yellow
-4.287261882852654 -1.9130135690068752 0.0 0.23 0.23 0.33 0.0 Cone_Yellow
-38.94881976787383 -10.162573697027739 0.0 0.23 0.23 0.33 0.0 Cone_Yellow
-19.869249101934436 -14.885771023877778 0.0 0.23 0.23 0.33 0.0 Cone_Yellow
-19.70149719930493 -10.723052845387008 0.0 0.23 0.23 0.33 0.0 Cone_Yellow
8.707525170534524 -19.890453638617124 0.0 0.23 0.23 0.33 0.0 Cone_Yellow
-13.777385836491343 -24.7788142383908 0.0 0.23 0.23 0.33 0.0 Cone_Yellow
-43.22326569763234 -21.828750007194763 0.0 0.23 0.23 0.33 0.0 Cone_Yellow
-49.303637801208225 -12.559239439141862 0.0 0.23 0.23 0.33 0.0 Cone_Yellow
-25.799194129353793 -31.11732942374714 0.0 0.23 0.23 0.33 0.0 Cone_Yellow
-8.469787039258616 -2.380492529165184 0.0 0.23 0.23 0.33 0.0 Cone_Yellow
-4.442602278339365 -11.59592654528284 0.0 0.23 0.23 0.33 0.0 Cone_Yellow
9.533157855488867 -5.876986534896578 0.0 0.23 0.23 0.33 0.0 Cone_Yellow
-28.593962522601377 -29.985507879446722 0.0 0.23 0.23 0.33 0.0 Cone_Yellow
-45.48234009114286 -19.99136336058413 0.0 0.23 0.23 0.33 0.0 Cone_Yellow
-37.09193700805747 -12.674597365033367 0.0 0.23 0.23 0.33 0.0 Cone_Yellow
-23.353526049616505 -19.469787445413388 0.0 0.23 0.23 0.33 0.0 Cone_Yellow
-21.450216075280508 -17.291607760641032 0.0 0.23 0.23 0.33 0.0 Cone_Yellow
-31.05513563389287 -28.745067466382405 0.0 0.23 0.23 0.33 0.0 Cone_Yellow
13.323778580919655 -16.419163719616083 0.0 0.23 0.23 0.33 0.0 Cone_Yellow
-6.658972218750601 -2.166926073425784 0.0 0.23 0.23 0.33 0.0 Cone_Yellow
-9.376527769918031 -16.08560151457306 0.0 0.23 0.23 0.33 0.0 Cone_Yellow
-14.592395905003738 -27.150670561081437 0.0 0.23 0.23 0.33 0.0 Cone_Yellow
-40.77370133891555 -23.442590719476783 0.0 0.23 0.23 0.33 0.0 Cone_Yellow
-27.487106059398524 -21.218074427625616 0.0 0.23 0.23 0.33 0.0 Cone_Yellow
6.01110826905726 -17.932635730642847 0.0 0.23 0.23 0.33 0.0 Cone_Yellow
-21.51541863103909 -5.382738584250381 0.0 0.23 0.23 0.33 0.0 Cone_Yellow
-20.092711457440316 -31.298252097504626 0.0 0.23 0.23 0.33 0.0 Cone_Yellow
6.410541198749112 -3.234489017750877 0.0 0.23 0.23 0.33 0.0 Cone_Yellow
-16.061885200365285 -3.1707871011237185 0.0 0.23 0.23 0.33 0.0 Cone_Yellow
10.39654488322175 -20.76649043540358 0.0 0.23 0.23 0.33 0.0 Cone_Yellow
-35.90903173340834 -14.51970830187776 0.0 0.23 0.23 0.33 0.0 Cone_Yellow
13.009091584960725 -13.529761087215697 0.0 0.23 0.23 0.33 0.0 Cone_Yellow
-1.9067095078235035 -11.509979283090965 0.0 0.23 0.23 0.33 0.0 Cone_Yellow
-22.978117778970034 -31.66247086842463 0.0 0.23 0.23 0.33 0.0 Cone_Yellow
11.896175411559724 -10.618040948354123 0.0 0.23 0.23 0.33 0.0 Cone_Yellow
4.4407706251741175 -2.3761010120036987 0.0 0.23 0.23 0.33 0.0 Cone_Yellow
-37.707214267399834 -24.93849914990808 0.0 0.23 0.23 0.33 0.0 Cone_Yellow
-34.47187813351529 -26.692297606921297 0.0 0.23 0.23 0.33 0.0 Cone_Yellow
-16.092892430832 -29.139602448544395 0.0 0.23 0.23 0.33 0.0 Cone_Yellow
-47.384249047101335 -17.390938624200725 0.0 0.23 0.23 0.33 0.0 Cone_Yellow
-34.39772880147248 -16.662621039603817 0.0 0.23 0.23 0.33 0.0 Cone_Yellow
11.237621696457012 -8.212608199699718 0.0 0.23 0.23 0.33 0.0 Cone_Yellow
-21.646427959155705 -6.873235512477183 0.0 0.23 0.23 0.33 0.0 Cone_Yellow
-11.152582655704528 -19.2117991351889 0.0 0.23 0.23 0.33 0.0 Cone_Yellow
3.4075571340813333 -15.243116671932924 0.0 0.23 0.23 0.33 0.0 Cone_Yellow
-52.43348013694542 -9.954789267375151 0.0 0.23 0.23 0.33 0.0 Cone_Blue
-25.107096829037076 -16.566922164426796 0.0 0.23 0.23 0.33 0.0 Cone_Blue
15.47678807890248 -10.292546937743968 0.0 0.23 0.23 0.33 0.0 Cone_Blue
-22.92568499749881 -11.450891554191884 0.0 0.23 0.23 0.33 0.0 Cone_Blue
16.05566365435742 -13.605336278272954 0.0 0.23 0.23 0.33 0.0 Cone_Blue
8.704119961420908 -23.893386107911333 0.0 0.23 0.23 0.33 0.0 Cone_Blue
-47.64690370866266 -22.05871717975713 0.0 0.23 0.23 0.33 0.0 Cone_Blue
-49.824867926669825 -19.373562995812904 0.0 0.23 0.23 0.33 0.0 Cone_Blue
12.42101053764993 -4.189092882857921 0.0 0.23 0.23 0.33 0.0 Cone_Blue
-13.171579792616253 -30.060511130494874 0.0 0.23 0.23 0.33 0.0 Cone_Blue
-50.81702099926483 -7.505276877573999 0.0 0.23 0.23 0.33 0.0 Cone_Blue
-8.089562185112797 -19.81014896488017 0.0 0.23 0.23 0.33 0.0 Cone_Blue
-18.82165575177094 -0.3661388086582762 0.0 0.23 0.23 0.33 0.0 Cone_Blue
16.880728934954917 -17.250309989890198 0.0 0.23 0.23 0.33 0.0 Cone_Blue
-32.77300319536519 -31.829903085073813 0.0 0.23 0.23 0.33 0.0 Cone_Blue
-20.92323633352754 -0.49483847225484134 0.0 0.23 0.23 0.33 0.0 Cone_Blue
-11.029170574970514 -25.769720070016064 0.0 0.23 0.23 0.33 0.0 Cone_Blue
-12.14442690947209 0.45112024313159216 0.0 0.23 0.23 0.33 0.0 Cone_Blue
6.161150979707358 -22.893327141286523 0.0 0.23 0.23 0.33 0.0 Cone_Blue
-43.583190369830746 -3.8018246191833187 0.0 0.23 0.23 0.33 0.0 Cone_Blue
-11.771753658650782 -27.455105276637703 0.0 0.23 0.23 0.33 0.0 Cone_Blue
-41.439335526400725 -4.353818442794026 0.0 0.23 0.23 0.33 0.0 Cone_Blue
9.584336870021154 -1.6794036715434915 0.0 0.23 0.23 0.33 0.0 Cone_Blue
-38.73448067475934 -6.114515401237236 0.0 0.23 0.23 0.33 0.0 Cone_Blue
-25.627868151805828 -5.517021114966301 0.0 0.23 0.23 0.33 0.0 Cone_Blue
-48.321638996007835 -5.575304397986572 0.0 0.23 0.23 0.33 0.0 Cone_Blue
-32.11011652442951 -14.638569806626466 0.0 0.23 0.23 0.33 0.0 Cone_Blue
-22.75323287755364 -13.365016814684896 0.0 0.23 0.23 0.33 0.0 Cone_Blue
-29.80711560791984 -33.0141862408714 0.0 0.23 0.23 0.33 0.0 Cone_Blue
-3.908929375026874 -15.255387512226273 0.0 0.23 0.23 0.33 0.0 Cone_Blue
-25.098110878178705 -3.6567675833608186 0.0 0.23 0.23 0.33 0.0 Cone_Blue
5.517219267219161 0.9063155257395714 0.0 0.23 0.23 0.33 0.0 Cone_Blue
-45.19985753956168 -24.279534418433908 0.0 0.23 0.23 0.33 0.0 Cone_Blue
-25.164252238530935 -7.4131547510902545 0.0 0.23 0.23 0.33 0.0 Cone_Blue
-5.071834317388723 -16.31286296991054 0.0 0.23 0.23 0.33 0.0 Cone_Blue
7.76751242740027 -0.2624498500883361 0.0 0.23 0.23 0.33 0.0 Cone_Blue
-23.212654489751273 -34.7727181061061 0.0 0.23 0.23 0.33 0.0 Cone_Blue
-4.803906390646852 1.1738822010344576 0.0 0.23 0.23 0.33 0.0 Cone_Blue
3.22311372318231 1.8136362169041849 0.0 0.23 0.23 0.33 0.0 Cone_Blue
16.560849569723924 -20.26035644087255 0.0 0.23 0.23 0.33 0.0 Cone_Blue
-15.194066272091971 -32.49899387772329 0.0 0.23 0.23 0.33 0.0 Cone_Blue
-45.582781188770355 -4.028079996393456 0.0 0.23 0.23 0.33 0.0 Cone_Blue
-7.007217570450001 0.850383989067111 0.0 0.23 0.23 0.33 0.0 Cone_Blue
-20.260778420820834 -34.60650523869127 0.0 0.23 0.23 0.33 0.0 Cone_Blue
-33.460547939871304 -12.675636110471682 0.0 0.23 0.23 0.33 0.0 Cone_Blue
-1.5414253685648642 1.5234454671912043 0.0 0.23 0.23 0.33 0.0 Cone_Blue
0.3971699048187798 -17.10476927814278 0.0 0.23 0.23 0.33 0.0 Cone_Blue
-34.690107405829316 -10.467962445410997 0.0 0.23 0.23 0.33 0.0 Cone_Blue
-23.82539434051739 -9.436539116059539 0.0 0.23 0.23 0.33 0.0 Cone_Blue
-27.990895085134166 -17.514526400563096 0.0 0.23 0.23 0.33 0.0 Cone_Blue
-26.13663619778012 -17.3607718831212 0.0 0.23 0.23 0.33 0.0 Cone_Blue
-9.535191601734844 -22.674449984965865 0.0 0.23 0.23 0.33 0.0 Cone_Blue
-23.570390456666885 -14.711073460992196 0.0 0.23 0.23 0.33 0.0 Cone_Blue
-26.58907933653682 -34.140417465281686 0.0 0.23 0.23 0.33 0.0 Cone_Blue
0.7771379999847188 1.782284588988708 0.0 0.23 0.23 0.33 0.0 Cone_Blue
14.55459850228931 -7.3910044814100875 0.0 0.23 0.23 0.33 0.0 Cone_Blue
-52.7019756534701 -13.296544331156287 0.0 0.23 0.23 0.33 0.0 Cone_Blue
-8.953043934467354 0.8560100877294856 0.0 0.23 0.23 0.33 0.0 Cone_Blue
4.2611585772521785 -21.195452868517247 0.0 0.23 0.23 0.33 0.0 Cone_Blue
-15.891541375126344 -0.003930370071947076 0.0 0.23 0.23 0.33 0.0 Cone_Blue
-2.778988094069316 -15.003982797993226 0.0 0.23 0.23 0.33 0.0 Cone_Blue
-7.046912785297657 -18.312374724080662 0.0 0.23 0.23 0.33 0.0 Cone_Blue
-17.92344682777163 -33.995191099590535 0.0 0.23 0.23 0.33 0.0 Cone_Blue
-36.76994744160684 -8.097605576334288 0.0 0.23 0.23 0.33 0.0 Cone_Blue
-29.89548124329603 -16.486567142318627 0.0 0.23 0.23 0.33 0.0 Cone_Blue
-42.53952678454115 -26.40377557371938 0.0 0.23 0.23 0.33 0.0 Cone_Blue
14.661397414459877 -23.48720079557365 0.0 0.23 0.23 0.33 0.0 Cone_Blue
-1.4844750185112208 -15.352720592648996 0.0 0.23 0.23 0.33 0.0 Cone_Blue
11.69129123703783 -24.204517665455196 0.0 0.23 0.23 0.33 0.0 Cone_Blue
-36.80398431118839 -29.90202232096313 0.0 0.23 0.23 0.33 0.0 Cone_Blue
2.2187167415998594 -19.17231431963804 0.0 0.23 0.23 0.33 0.0 Cone_Blue
-23.466622043456564 -1.6757135255673092 0.0 0.23 0.23 0.33 0.0 Cone_Blue
-39.99588028474027 -28.273727462081695 0.0 0.23 0.23 0.33 0.0 Cone_Blue
-51.57218034468123 -16.55033441057382 0.0 0.23 0.23 0.33 0.0 Cone_Blue
