-1.9407810975772595 -13.757110014971127 0.0 0.23 0.23 0.33 0.0 Cone_Yellow
-0.04464432608865998 -15.379118221690263 0.0 0.23 0.23 0.33 0.0 Cone_Yellow
-4.600689158970969 26.700628861994723 0.0 0.23 0.23 0.33 0.0 Cone_Yellow
7.560964453260947 -0.6343672069430051 0.0 0.23 0.23 0.33 0.0 Cone_Yellow
11.196651900902502 -19.591589428608508 0.0 0.23 0.23 0.33 0.0 Cone_Yellow
3.044458657535026 23.695323152924963 0.0 0.23 0.23 0.33 0.0 Cone_Yellow
3.1101370215887068 -0.8183804988999555 0.0 0.23 0.23 0.33 0.0 Cone_Yellow
-9.273141799875656 7.495523714977422 0.0 0.23 0.23 0.33 0.0 Cone_Yellow
-9.375800618472024 3.119924867671182 0.0 0.23 0.23 0.33 0.0 Cone_Yellow
-6.70344205494251 -34.118141474283476 0.0 0.23 0.23 0.33 0.0 Cone_Yellow
-9.845699052793876 -9.87776284648967 0.0 0.23 0.23 0.33 0.0 Cone_Yellow
2.3881037454106036 19.550975260053946 0.0 0.23 0.23 0.33 0.0 Cone_Yellow
-7.756354309779507 10.0371801016715 0.0 0.23 0.23 0.33 0.0 Cone_Yellow
11.308644663258894 -21.68419743648186 0.0 0.23 0.23 0.33 0.0 Cone_Yellow
-5.395148989751572 -35.32314206206438 0.0 0.23 0.23 0.33 0.0 Cone_Yellow
0.0538329967171034 -22.50035149768643 0.0 0.23 0.23 0.33 0.0 Cone_Yellow
-1.0117269781364513 -2.4666065606094776 0.0 0.23 0.23 0.33 0.0 Cone_Yellow
8.218258570197932 -2.4164858651854937 0.0 0.23 0.23 0.33 0.0 Cone_Yellow
11.153517856710316 -23.48831494782923 0.0 0.23 0.23 0.33 0.0 Cone_Yellow
1.8505088288214342 25.485363411203657 0.0 0.23 0.23 0.33 0.0 Cone_Yellow
3.4337643389494694 21.385796068383343 0.0 0.23 0.23 0.33 0.0 Cone_Yellow
9.370396054431861 -9.269584584091524 0.0 0.23 0.23 0.33 0.0 Cone_Yellow
-0.44123290517040026 27.36513533127077 0.0 0.23 0.23 0.33 0.0 Cone_Yellow
-18.717625716466006 -4.95927722795379 0.0 0.23 0.23 0.33 0.0 Cone_Yellow
8.953767190394007 -29.300957062007683 0.0 0.23 0.23 0.33 0.0 Cone_Yellow
10.748571777825678 -16.83514974880103 0.0 0.23 0.23 0.33 0.0 Cone_Yellow
0.5374582397240086 17.30005198832808 0.0 0.23 0.23 0.33 0.0 Cone_Yellow
-3.090945004296584 -2.0176419652399638 0.0 0.23 0.23 0.33 0.0 Cone_Yellow
1.0745687136897875 -1.947936874746512 0.0 0.23 0.23 0.33 0.0 Cone_Yellow
-6.459242040570022 -30.83314909194779 0.0 0.23 0.23 0.33 0.0 Cone_Yellow
-12.620812358262818 -8.663296959661935 0.0 0.23 0.23 0.33 0.0 Cone_Yellow
-11.353315941420316 20.902835229013384 0.0 0.23 0.23 0.33 0.0 Cone_Yellow
-2.445313508094891 27.50148992046804 0.0 0.23 0.23 0.33 0.0 Cone_Yellow
-19.634011910927104 2.9778233223314903 0.0 0.23 0.23 0.33 0.0 Cone_Yellow
10.043539241308887 -12.686055584454778 0.0 0.23 0.23 0.33 0.0 Cone_Yellow
1.072538452187798 -17.231777314344043 0.0 0.23 0.23 0.33 0.0 Cone_Yellow
7.578502169089714 -30.858977403689437 0.0 0.23 0.23 0.33 0.0 Cone_Yellow
-18.663270161348006 5.832540617557482 0.0 0.23 0.23 0.33 0.0 Cone_Yellow
-9.647632421654787 23.262930679404796 0.0 0.23 0.23 0.33 0.0 Cone_Yellow
-1.8646824810704672 15.303055130587767 0.0 0.23 0.23 0.33 0.0 Cone_Yellow
-7.866042380700961 1.1997851818626515 0.0 0.23 0.23 0.33 0.0 Cone_Yellow
-5.582954022086572 -0.5763238081268058 0.0 0.23 0.23 0.33 0.0 Cone_Yellow
-17.565078322218938 8.36039349828012 0.0 0.23 0.23 0.33 0.0 Cone_Yellow
-2.7305653955020723 -35.24411494164278 0.0 0.23 0.23 0.33 0.0 Cone_Yellow
10.359935830808535 -14.481759943012042 0.0 0.23 0.23 0.33 0.0 Cone_Yellow
-3.6909691986593156 -12.561681282500379 0.0 0.23 0.23 0.33 0.0 Cone_Yellow
-15.035253269115792 -7.984755203199153 0.0 0.23 0.23 0.33 0.0 Cone_Yellow
-12.824962907309772 18.365296539672293 0.0 0.23 0.23 0.33 0.0 Cone_Yellow
-9.847013353187258 5.22703549387567 0.0 0.23 0.23 0.33 0.0 Cone_Yellow
-4.658241927845026 -28.029559667420443 0.0 0.23 0.23 0.33 0.0 Cone_Yellow
6.302853102267134 0.16731954478331268 0.0 0.23 0.23 0.33 0.0 Cone_Yellow
-19.489495169552942 -2.729697366215407 0.0 0.23 0.23 0.33 0.0 Cone_Yellow
10.038785450132814 -27.590868762580705 0.0 0.23 0.23 0.33 0.0 Cone_Yellow
8.821943973139868 -5.151321017190088 0.0 0.23 0.23 0.33 0.0 Cone_Yellow
-7.237618228914453 -32.5693399134269 0.0 0.23 0.23 0.33 0.0 Cone_Yellow
-3.639395993399372 14.016940358410446 0.0 0.23 0.23 0.33 0.0 Cone_Yellow
0.13621284849719117 -34.76530602643711 0.0 0.23 0.23 0.33 0.0 Cone_Yellow
1.3028368606773828 -19.75865319544308 0.0 0.23 0.23 0.33 0.0 Cone_Yellow
-20.017527688469137 0.13026882456048305 0.0 0.23 0.23 0.33 0.0 Cone_Yellow
2.9797906274016883 -33.48829310896518 0.0 0.23 0.23 0.33 0.0 Cone_Yellow
10.783544821902785 -25.575388780270444 0.0 0.23 0.23 0.33 0.0 Cone_Yellow
-14.14371799503995 15.218556955500413 0.0 0.23 0.23 0.33 0.0 Cone_Yellow
-15.710323419189653 11.88854849123704 0.0 0.23 0.23 0.33 0.0 Cone_Yellow
-17.10644966671165 -6.600022247147487 0.0 0.23 0.23 0.33 0.0 Cone_Yellow
-7.15979976179689 25.309917524231636 0.0 0.23 0.23 0.33 0.0 Cone_Yellow
-5.692715974142228 12.38599320713035 0.0 0.23 0.23 0.33 0.0 Cone_Yellow
5.343792306334898 -32.69375187908744 0.0 0.23 0.23 0.33 0.0 Cone_Yellow
4.807312922697198 0.21319010613828837 0.0 0.23 0.23 0.33 0.0 Cone_Yellow
-6.913284586750976 -10.96663706363435 0.0 0.23 0.23 0.33 0.0 Cone_Yellow
-2.1214380418118424 -25.276994078119202 0.0 0.23 0.23 0.33 0.0 Cone_Yellow
-0.023427468098708104 30.774644630080786 0.0 0.23 0.23 0.33 0.0 Cone_Blue
-5.067808463239263 3.1159073755554214 0.0 0.23 0.23 0.33 0.0 Cone_Blue
3.5087729501015854 -37.044542696205866 0.0 0.23 0.23 0.33 0.0 Cone_Blue
0.1642038056270767 1.229541980922713 0.0 0.23 0.23 0.33 0.0 Cone_Blue
0.2343488313456774 -37.81123483591408 0.0 0.23 0.23 0.33 0.0 Cone_Blue
-10.455865444464319 -31.057829568677036 0.0 0.23 0.23 0.33 0.0 Cone_Blue
-11.834960740029935 25.306183550581977 0.0 0.23 0.23 0.33 0.0 Cone_Blue
-9.278265432811825 27.633604920364768 0.0 0.23 0.23 0.33 0.0 Cone_Blue
9.428198541358737 -33.64596528038931 0.0 0.23 0.23 0.33 0.0 Cone_Blue
-17.859410927245605 -9.569060756636029 0.0 0.23 0.23 0.33 0.0 Cone_Blue
2.514208530095148 29.300380531538345 0.0 0.23 0.23 0.33 0.0 Cone_Blue
-7.33613675136483 -14.058774345327539 0.0 0.23 0.23 0.33 0.0 Cone_Blue
11.464788944582295 -2.236229938380257 0.0 0.23 0.23 0.33 0.0 Cone_Blue
-3.3576925353799503 -38.842644015318676 0.0 0.23 0.23 0.33 0.0 Cone_Blue
-20.74278349142835 9.899701658034315 0.0 0.23 0.23 0.33 0.0 Cone_Blue
11.21655394515081 -0.14539662840943635 0.0 0.23 0.23 0.33 0.0 Cone_Blue
-13.453519840921093 -11.463507619439135 0.0 0.23 0.23 0.33 0.0 Cone_Blue
12.661177218559438 -8.856045076890553 0.0 0.23 0.23 0.33 0.0 Cone_Blue
-9.602325119546968 -28.462010219719197 0.0 0.23 0.23 0.33 0.0 Cone_Blue
6.623815360897421 22.28931813688368 0.0 0.23 0.23 0.33 0.0 Cone_Blue
-15.17847809962733 -10.818161249968979 0.0 0.23 0.23 0.33 0.0 Cone_Blue
6.194871429031263 20.117494508151843 0.0 0.23 0.23 0.33 0.0 Cone_Blue
11.772181810323755 -30.67090227789363 0.0 0.23 0.23 0.33 0.0 Cone_Blue
4.591152806649108 17.316712451628376 0.0 0.23 0.23 0.33 0.0 Cone_Blue
5.934468478837362 4.265436872060626 0.0 0.23 0.23 0.33 0.0 Cone_Blue
4.58322815421907 26.9190189653049 0.0 0.23 0.23 0.33 0.0 Cone_Blue
-3.54160879406194 10.217424272648005 0.0 0.23 0.23 0.33 0.0 Cone_Blue
-1.7369857803200244 0.9483064838436448 0.0 0.23 0.23 0.33 0.0 Cone_Blue
-21.756151549279753 6.871153993922892 0.0 0.23 0.23 0.33 0.0 Cone_Blue
-2.5505696667296185 -17.973092965701312 0.0 0.23 0.23 0.33 0.0 Cone_Blue
7.821884528991816 3.842534253919201 0.0 0.23 0.23 0.33 0.0 Cone_Blue
14.12196298568775 -26.463062239331684 0.0 0.23 0.23 0.33 0.0 Cone_Blue
-13.912741631819127 22.736574489453908 0.0 0.23 0.23 0.33 0.0 Cone_Blue
4.067831296675739 3.6945357324102694 0.0 0.23 0.23 0.33 0.0 Cone_Blue
-3.672587477752531 -16.872330375347918 0.0 0.23 0.23 0.33 0.0 Cone_Blue
13.083314167791059 -28.77629384113333 0.0 0.23 0.23 0.33 0.0 Cone_Blue
-23.136085572623234 0.1872080148397277 0.0 0.23 0.23 0.33 0.0 Cone_Blue
13.801015126882316 -16.14345860144342 0.0 0.23 0.23 0.33 0.0 Cone_Blue
14.897095503314674 -24.120986095412917 0.0 0.23 0.23 0.33 0.0 Cone_Blue
-6.381075093662016 -38.69479154950277 0.0 0.23 0.23 0.33 0.0 Cone_Blue
-20.40916993558223 -7.6888004907156615 0.0 0.23 0.23 0.33 0.0 Cone_Blue
6.283994334924069 24.272768819207407 0.0 0.23 0.23 0.33 0.0 Cone_Blue
13.35250161196742 -13.962159246671064 0.0 0.23 0.23 0.33 0.0 Cone_Blue
-22.801949949575015 -2.750401971020997 0.0 0.23 0.23 0.33 0.0 Cone_Blue
-1.6588092841757636 11.67750636242391 0.0 0.23 0.23 0.33 0.0 Cone_Blue
14.33590101294353 -19.38072194961017 0.0 0.23 0.23 0.33 0.0 Cone_Blue
-4.151592888848736 -22.377571205655165 0.0 0.23 0.23 0.33 0.0 Cone_Blue
0.47521966886967526 13.030857728216708 0.0 0.23 0.23 0.33 0.0 Cone_Blue
2.1240198860246213 2.242563983615579 0.0 0.23 0.23 0.33 0.0 Cone_Blue
-6.178187065607535 5.941027820707236 0.0 0.23 0.23 0.33 0.0 Cone_Blue
-5.919029877435545 4.098541993140561 0.0 0.23 0.23 0.33 0.0 Cone_Blue
-10.278153940680323 -12.778696378311821 0.0 0.23 0.23 0.33 0.0 Cone_Blue
-3.127415870956975 1.6874405496406357 0.0 0.23 0.23 0.33 0.0 Cone_Blue
-22.697194990852008 3.59417498028132 0.0 0.23 0.23 0.33 0.0 Cone_Blue
14.726427351570239 -21.68077041948895 0.0 0.23 0.23 0.33 0.0 Cone_Blue
6.3530568518467 -35.95852643141256 0.0 0.23 0.23 0.33 0.0 Cone_Blue
-3.375051989011048 30.852296542612613 0.0 0.23 0.23 0.33 0.0 Cone_Blue
13.247248757061826 -12.019173469979588 0.0 0.23 0.23 0.33 0.0 Cone_Blue
-8.015467455008906 -26.468362575822212 0.0 0.23 0.23 0.33 0.0 Cone_Blue
11.9933617846005 -5.140946097662878 0.0 0.23 0.23 0.33 0.0 Cone_Blue
-2.235191284178061 -19.086873960587546 0.0 0.23 0.23 0.33 0.0 Cone_Blue
-5.781387410669726 -15.01438929652157 0.0 0.23 0.23 0.33 0.0 Cone_Blue
-22.05845183698477 -5.049104759357312 0.0 0.23 0.23 0.33 0.0 Cone_Blue
2.723220020803274 15.242377721096853 0.0 0.23 0.23 0.33 0.0 Cone_Blue
-5.260417828581163 7.901091161020579 0.0 0.23 0.23 0.33 0.0 Cone_Blue
-15.881950749875049 19.95953007834305 0.0 0.23 0.23 0.33 0.0 Cone_Blue
-9.710904669589954 -36.9822852064841 0.0 0.23 0.23 0.33 0.0 Cone_Blue
-2.5096034147527373 -20.399154469779738 0.0 0.23 0.23 0.33 0.0 Cone_Blue
-10.596287701958584 -34.057875679251126 0.0 0.23 0.23 0.33 0.0 Cone_Blue
-19.047713042978714 14.033981422581457 0.0 0.23 0.23 0.33 0.0 Cone_Blue
-6.111990454342045 -24.31396392470952 0.0 0.23 0.23 0.33 0.0 Cone_Blue
9.89267960980256 2.326572931519065 0.0 0.23 0.23 0.33 0.0 Cone_Blue
-17.603932181150306 17.313469321088533 0.0 0.23 0.23 0.33 0.0 Cone_Blue
-6.559182244243818 29.538941358974697 0.0 0.23 0.23 0.33 0.0 Cone_Blue
