-17.407730476136187 -9.420777875215938 0.0 0.23 0.23 0.33 0.0 Cone_Yellow
-19.841210166134903 -9.972522270039468 0.0 0.23 0.23 0.33 0.0 Cone_Yellow
16.627362741379905 -31.455209467766956 0.0 0.23 0.23 0.33 0.0 Cone_Yellow
-12.559501323160879 -24.87989238409929 0.0 0.23 0.23 0.33 0.0 Cone_Yellow
-29.934556346007597 -16.471446598367212 0.0 0.23 0.23 0.33 0.0 Cone_Yellow
9.650311657858659 -35.79121058851503 0.0 0.23 0.23 0.33 0.0 Cone_Yellow
-10.048353459098916 -21.20050899513858 0.0 0.23 0.23 0.33 0.0 Cone_Yellow
4.016417130504006 -16.2357506012692 0.0 0.23 0.23 0.33 0.0 Cone_Yellow
0.5686102621446771 -13.53963637815521 0.0 0.23 0.23 0.33 0.0 Cone_Yellow
-30.891816299802716 6.561523929652893 0.0 0.23 0.23 0.33 0.0 Cone_Yellow
-9.574543162449917 -5.398559725859091 0.0 0.23 0.23 0.33 0.0 Cone_Yellow
6.718715706347432 -32.78918353918698 0.0 0.23 0.23 0.33 0.0 Cone_Yellow
5.148707631363461 -18.970449798584767 0.0 0.23 0.23 0.33 0.0 Cone_Yellow
-31.679679687328594 -15.311233179632298 0.0 0.23 0.23 0.33 0.0 Cone_Yellow
-32.6397142257716 6.232115366660487 0.0 0.23 0.23 0.33 0.0 Cone_Yellow
-25.611102897037554 -5.797597237402492 0.0 0.23 0.23 0.33 0.0 Cone_Yellow
-8.90797870388598 -16.910292520366966 0.0 0.23 0.23 0.33 0.0 Cone_Yellow
-14.381357563625597 -24.34247047600869 0.0 0.23 0.23 0.33 0.0 Cone_Yellow
-33.03387511425657 -14.10912708342134 0.0 0.23 0.23 0.33 0.0 Cone_Yellow
11.799094610191688 -35.902978846560714 0.0 0.23 0.23 0.33 0.0 Cone_Yellow
7.565570005473504 -34.72381820020447 0.0 0.23 0.23 0.33 0.0 Cone_Yellow
-20.565621254542354 -21.172728304339675 0.0 0.23 0.23 0.33 0.0 Cone_Yellow
14.675611378059472 -35.18794462991912 0.0 0.23 0.23 0.33 0.0 Cone_Yellow
-0.33034336592226765 -1.2215567779071854 0.0 0.23 0.23 0.33 0.0 Cone_Yellow
-36.38145043794878 -8.872768540150362 0.0 0.23 0.23 0.33 0.0 Cone_Yellow
-27.45629178975113 -17.758668527296567 0.0 0.23 0.23 0.33 0.0 Cone_Yellow
6.019018168279793 -29.960408589118096 0.0 0.23 0.23 0.33 0.0 Cone_Yellow
-7.305888831771739 -15.510998108931856 0.0 0.23 0.23 0.33 0.0 Cone_Yellow
-9.738275803971101 -18.893283867386952 0.0 0.23 0.23 0.33 0.0 Cone_Yellow
-28.403201256798038 4.403375703336213 0.0 0.23 0.23 0.33 0.0 Cone_Yellow
-6.942842434134896 -3.898448888272341 0.0 0.23 0.23 0.33 0.0 Cone_Yellow
16.011377146421076 -22.576417814591714 0.0 0.23 0.23 0.33 0.0 Cone_Yellow
15.982111460342544 -33.66216968845244 0.0 0.23 0.23 0.33 0.0 Cone_Yellow
6.582437975110324 -5.227899615684489 0.0 0.23 0.23 0.33 0.0 Cone_Yellow
-23.707658353743952 -19.6717290659645 0.0 0.23 0.23 0.33 0.0 Cone_Yellow
-21.99435484472625 -9.761782936444611 0.0 0.23 0.23 0.33 0.0 Cone_Yellow
-36.80942634115559 -6.839146675055591 0.0 0.23 0.23 0.33 0.0 Cone_Yellow
8.291979138438954 -7.711690949698534 0.0 0.23 0.23 0.33 0.0 Cone_Yellow
16.885221996656526 -25.354151059933127 0.0 0.23 0.23 0.33 0.0 Cone_Yellow
5.852402044119852 -26.84103115772356 0.0 0.23 0.23 0.33 0.0 Cone_Yellow
-1.8731590794456814 -13.603423775059628 0.0 0.23 0.23 0.33 0.0 Cone_Yellow
-4.661371405337139 -14.373441712064249 0.0 0.23 0.23 0.33 0.0 Cone_Yellow
9.66324958826742 -10.102440383565385 0.0 0.23 0.23 0.33 0.0 Cone_Yellow
-34.16803759770086 4.04797281469175 0.0 0.23 0.23 0.33 0.0 Cone_Yellow
-25.3367733031695 -18.852799626545718 0.0 0.23 0.23 0.33 0.0 Cone_Yellow
-15.403540918533913 -8.731261768961822 0.0 0.23 0.23 0.33 0.0 Cone_Yellow
-4.95638997007968 -2.3674523385332193 0.0 0.23 0.23 0.33 0.0 Cone_Yellow
14.855424044314582 -19.88038001481128 0.0 0.23 0.23 0.33 0.0 Cone_Yellow
2.5399460832687524 -14.420426769096629 0.0 0.23 0.23 0.33 0.0 Cone_Yellow
-27.230622150480453 1.2842775473327102 0.0 0.23 0.23 0.33 0.0 Cone_Yellow
-11.165028184014098 -24.34980702909399 0.0 0.23 0.23 0.33 0.0 Cone_Yellow
1.9188086718726325 -1.9343848941884687 0.0 0.23 0.23 0.33 0.0 Cone_Yellow
-35.658139252992356 -10.764457612255137 0.0 0.23 0.23 0.33 0.0 Cone_Yellow
-16.935247313712498 -23.19294600094684 0.0 0.23 0.23 0.33 0.0 Cone_Yellow
-29.330620127981913 6.064737282445936 0.0 0.23 0.23 0.33 0.0 Cone_Yellow
5.881100614752974 -24.649484751621436 0.0 0.23 0.23 0.33 0.0 Cone_Yellow
-35.49652698657781 1.462863257789131 0.0 0.23 0.23 0.33 0.0 Cone_Yellow
-24.15842155098401 -8.43703602993772 0.0 0.23 0.23 0.33 0.0 Cone_Yellow
4.527859064406677 -3.219328862862625 0.0 0.23 0.23 0.33 0.0 Cone_Yellow
-36.171016045779425 -1.5804509036287975 0.0 0.23 0.23 0.33 0.0 Cone_Yellow
-34.486655677045356 -12.56569394106349 0.0 0.23 0.23 0.33 0.0 Cone_Yellow
13.119575033863363 -16.943049048623784 0.0 0.23 0.23 0.33 0.0 Cone_Yellow
11.38480310060482 -13.697471246965133 0.0 0.23 0.23 0.33 0.0 Cone_Yellow
-2.60862694882789 -1.5335766445402186 0.0 0.23 0.23 0.33 0.0 Cone_Yellow
17.040740475807937 -28.572113223941926 0.0 0.23 0.23 0.33 0.0 Cone_Yellow
5.799678334768636 -22.028515090234897 0.0 0.23 0.23 0.33 0.0 Cone_Yellow
-36.94595940721063 -3.9509492669584105 0.0 0.23 0.23 0.33 0.0 Cone_Yellow
-10.234873202263488 -23.17781886915737 0.0 0.23 0.23 0.33 0.0 Cone_Yellow
-12.199486808082998 -7.099845274692864 0.0 0.23 0.23 0.33 0.0 Cone_Yellow
-26.538498781416436 -2.394439147602334 0.0 0.23 0.23 0.33 0.0 Cone_Yellow
17.160382149841986 -37.559701205458424 0.0 0.23 0.23 0.33 0.0 Cone_Blue
-2.0080106945431346 -16.992148071885886 0.0 0.23 0.23 0.33 0.0 Cone_Blue
-39.33903722880692 0.11965944819180407 0.0 0.23 0.23 0.33 0.0 Cone_Blue
-6.646199468687648 -20.061273627974387 0.0 0.23 0.23 0.33 0.0 Cone_Blue
-37.99791448038681 3.2036600837706644 0.0 0.23 0.23 0.33 0.0 Cone_Blue
-26.195988423118173 7.742790540701861 0.0 0.23 0.23 0.33 0.0 Cone_Blue
19.83047492651874 -24.82051012533602 0.0 0.23 0.23 0.33 0.0 Cone_Blue
20.169760085066557 -28.26121742292207 0.0 0.23 0.23 0.33 0.0 Cone_Blue
-40.149451798148775 -6.657740938942403 0.0 0.23 0.23 0.33 0.0 Cone_Blue
-4.5399433028727785 0.8438500044417374 0.0 0.23 0.23 0.33 0.0 Cone_Blue
14.462187341406135 -38.71416899076483 0.0 0.23 0.23 0.33 0.0 Cone_Blue
-14.426717766683064 -4.913624979523828 0.0 0.23 0.23 0.33 0.0 Cone_Blue
-16.176126337161953 -27.053790582614965 0.0 0.23 0.23 0.33 0.0 Cone_Blue
-36.67935863619465 6.700512462893194 0.0 0.23 0.23 0.33 0.0 Cone_Blue
12.795956528746956 -8.473506076057129 0.0 0.23 0.23 0.33 0.0 Cone_Blue
-14.351041333285604 -28.103680707176554 0.0 0.23 0.23 0.33 0.0 Cone_Blue
-8.691125924786382 -1.5579176820884975 0.0 0.23 0.23 0.33 0.0 Cone_Blue
-22.199735325128565 -24.058889560836793 0.0 0.23 0.23 0.33 0.0 Cone_Blue
-24.624066701761322 5.507645963585993 0.0 0.23 0.23 0.33 0.0 Cone_Blue
6.384582401836912 -37.82188952458598 0.0 0.23 0.23 0.33 0.0 Cone_Blue
-7.143161052921725 -0.5600410933561015 0.0 0.23 0.23 0.33 0.0 Cone_Blue
4.8990609710845625 -36.18053738388667 0.0 0.23 0.23 0.33 0.0 Cone_Blue
-39.16370828621646 -10.31472974979347 0.0 0.23 0.23 0.33 0.0 Cone_Blue
3.61088630012706 -33.2213314828006 0.0 0.23 0.23 0.33 0.0 Cone_Blue
-7.658375196356953 -26.50240027517307 0.0 0.23 0.23 0.33 0.0 Cone_Blue
11.31645118627689 -38.950958256687834 0.0 0.23 0.23 0.33 0.0 Cone_Blue
2.7755616414868527 -22.45824936767771 0.0 0.23 0.23 0.33 0.0 Cone_Blue
-5.736059546219986 -18.368565570434164 0.0 0.23 0.23 0.33 0.0 Cone_Blue
10.972470392087587 -5.8516910398886 0.0 0.23 0.23 0.33 0.0 Cone_Blue
-20.424592732157098 -6.413304439238008 0.0 0.23 0.23 0.33 0.0 Cone_Blue
-9.124990159882232 -27.763442114120238 0.0 0.23 0.23 0.33 0.0 Cone_Blue
-37.192769083409715 -14.712773408178352 0.0 0.23 0.23 0.33 0.0 Cone_Blue
19.01087901823886 -21.61920934152225 0.0 0.23 0.23 0.33 0.0 Cone_Blue
-7.001180557948219 -24.66436934824905 0.0 0.23 0.23 0.33 0.0 Cone_Blue
-18.871563689097037 -6.171017336844752 0.0 0.23 0.23 0.33 0.0 Cone_Blue
-38.427486456034615 -12.49798113344235 0.0 0.23 0.23 0.33 0.0 Cone_Blue
6.4364079595701185 -0.7523293770540604 0.0 0.23 0.23 0.33 0.0 Cone_Blue
-28.72496238684887 -20.619843453544988 0.0 0.23 0.23 0.33 0.0 Cone_Blue
-35.77750636558484 -16.733462034199448 0.0 0.23 0.23 0.33 0.0 Cone_Blue
-34.75475278597116 9.036876040476436 0.0 0.23 0.23 0.33 0.0 Cone_Blue
-1.5089070817258374 1.7655164811500796 0.0 0.23 0.23 0.33 0.0 Cone_Blue
8.17825832093575 -38.734184233629605 0.0 0.23 0.23 0.33 0.0 Cone_Blue
-26.70768837945821 -21.56315508142713 0.0 0.23 0.23 0.33 0.0 Cone_Blue
3.880914218977395 0.7344963643863593 0.0 0.23 0.23 0.33 0.0 Cone_Blue
2.821815226073383 -24.84039846234515 0.0 0.23 0.23 0.33 0.0 Cone_Blue
-31.64069039432886 -19.115015528867872 0.0 0.23 0.23 0.33 0.0 Cone_Blue
-23.000505315649264 -2.4982848625055496 0.0 0.23 0.23 0.33 0.0 Cone_Blue
2.6324001329215143 -27.360271755631082 0.0 0.23 0.23 0.33 0.0 Cone_Blue
-7.00448409300753 -22.238134848838182 0.0 0.23 0.23 0.33 0.0 Cone_Blue
0.9209613276296267 -17.78924848183515 0.0 0.23 0.23 0.33 0.0 Cone_Blue
-0.7114790732728693 -16.896469219941956 0.0 0.23 0.23 0.33 0.0 Cone_Blue
-11.642696838655628 -3.3188547088665814 0.0 0.23 0.23 0.33 0.0 Cone_Blue
-4.312711025554375 -17.694997464828447 0.0 0.23 0.23 0.33 0.0 Cone_Blue
8.90654452929936 -3.139477083683058 0.0 0.23 0.23 0.33 0.0 Cone_Blue
-33.7185595789279 -18.05426417409776 0.0 0.23 0.23 0.33 0.0 Cone_Blue
-40.1671230577969 -2.8101282746557104 0.0 0.23 0.23 0.33 0.0 Cone_Blue
19.224765608743034 -34.91816042717836 0.0 0.23 0.23 0.33 0.0 Cone_Blue
-25.08658477361908 -22.639396221240375 0.0 0.23 0.23 0.33 0.0 Cone_Blue
-23.97312347002874 3.044107637401332 0.0 0.23 0.23 0.33 0.0 Cone_Blue
-18.821387948224405 -25.742548338694426 0.0 0.23 0.23 0.33 0.0 Cone_Blue
-21.506212449284508 -6.000908493244566 0.0 0.23 0.23 0.33 0.0 Cone_Blue
-16.12183588871811 -5.589657522886792 0.0 0.23 0.23 0.33 0.0 Cone_Blue
1.5932749201903391 1.5113685489672406 0.0 0.23 0.23 0.33 0.0 Cone_Blue
3.0631353856312913 -30.48417850892498 0.0 0.23 0.23 0.33 0.0 Cone_Blue
1.944653776806188 -19.696131393807242 0.0 0.23 0.23 0.33 0.0 Cone_Blue
17.960068834481703 -18.381068181901682 0.0 0.23 0.23 0.33 0.0 Cone_Blue
-31.39227263115648 10.684349921325854 0.0 0.23 0.23 0.33 0.0 Cone_Blue
-22.394710166332985 -4.996939390626416 0.0 0.23 0.23 0.33 0.0 Cone_Blue
-28.518075170577845 9.647497398263575 0.0 0.23 0.23 0.33 0.0 Cone_Blue
15.098996545582906 -12.302545077896031 0.0 0.23 0.23 0.33 0.0 Cone_Blue
-23.382395616251422 0.23062246012466403 0.0 0.23 0.23 0.33 0.0 Cone_Blue
-11.577755612785424 -28.518606090199434 0.0 0.23 0.23 0.33 0.0 Cone_Blue
16.86662195592377 -15.41944168544554 0.0 0.23 0.23 0.33 0.0 Cone_Blue
20.073539593750667 -31.580021717799795 0.0 0.23 0.23 0.33 0.0 Cone_Blue
