-8.457807187066628 -14.633247374756793 0.0 0.23 0.23 0.33 0.0 Cone_Yellow
-6.665211347519891 -16.369002379040275 0.0 0.23 0.23 0.33 0.0 Cone_Yellow
-8.619899417037049 25.911511497886718 0.0 0.23 0.23 0.33 0.0 Cone_Yellow
1.8344299208567572 -2.1208773901051083 0.0 0.23 0.23 0.33 0.0 Cone_Yellow
4.295179925032442 -21.266091073830246 0.0 0.23 0.23 0.33 0.0 Cone_Yellow
-1.174445801547722 22.440867753451027 0.0 0.23 0.23 0.33 0.0 Cone_Yellow
-2.6192789699708676 -2.0303078924476345 0.0 0.23 0.23 0.33 0.0 Cone_Yellow
-14.466777537200498 7.030783396527877 0.0 0.23 0.23 0.33 0.0 Cone_Yellow
-14.83883935171889 2.669823168348696 0.0 0.23 0.23 0.33 0.0 Cone_Yellow
-14.465943448768913 -34.662147497897266 0.0 0.23 0.23 0.33 0.0 Cone_Yellow
-16.10868422259766 -10.27421733133026 0.0 0.23 0.23 0.33 0.0 Cone_Yellow
-2.0849034262202206 18.34483453318901 0.0 0.23 0.23 0.33 0.0 Cone_Yellow
-12.796270305825884 9.4741554656283 0.0 0.23 0.23 0.33 0.0 Cone_Yellow
4.278026007737327 -23.361623559037128 0.0 0.23 0.23 0.33 0.0 Cone_Yellow
-13.234380946870155 -35.94546778718437 0.0 0.23 0.23 0.33 0.0 Cone_Yellow
-7.005688622070304 -23.48277327637573 0.0 0.23 0.23 0.33 0.0 Cone_Yellow
-6.834865411954066 -3.4214379844577927 0.0 0.23 0.23 0.33 0.0 Cone_Yellow
2.3806717983816457 -3.9401086231961813 0.0 0.23 0.23 0.33 0.0 Cone_Yellow
4.012035080783945 -25.15275536536481 0.0 0.23 0.23 0.33 0.0 Cone_Yellow
-2.255835692748783 24.301071028083083 0.0 0.23 0.23 0.33 0.0 Cone_Yellow
-0.9281789261039588 20.11174197456487 0.0 0.23 0.23 0.33 0.0 Cone_Yellow
3.1083736240925495 -10.851174596438325 0.0 0.23 0.23 0.33 0.0 Cone_Yellow
-4.427403019533198 26.318474803244396 0.0 0.23 0.23 0.33 0.0 Cone_Yellow
-24.660707250874957 -4.818441893398852 0.0 0.23 0.23 0.33 0.0 Cone_Yellow
1.458323830353522 -30.818818389273485 0.0 0.23 0.23 0.33 0.0 Cone_Yellow
4.0177863380809615 -18.48728048240234 0.0 0.23 0.23 0.33 0.0 Cone_Yellow
-4.07072113786079 16.21221352160498 0.0 0.23 0.23 0.33 0.0 Cone_Yellow
-8.882470542543414 -2.8452175080872184 0.0 0.23 0.23 0.33 0.0 Cone_Yellow
-4.720576267552719 -3.032298715516034 0.0 0.23 0.23 0.33 0.0 Cone_Yellow
-14.019805959589496 -31.398442557224524 0.0 0.23 0.23 0.33 0.0 Cone_Yellow
-18.8036968909458 -8.891073099551786 0.0 0.23 0.23 0.33 0.0 Cone_Yellow
-15.716921691267325 20.54078954336604 0.0 0.23 0.23 0.33 0.0 Cone_Yellow
-6.41927462932771 26.578049700158513 0.0 0.23 0.23 0.33 0.0 Cone_Yellow
-25.086316038749125 3.1600407920760105 0.0 0.23 0.23 0.33 0.0 Cone_Yellow
3.5697355132879984 -14.302629514811166 0.0 0.23 0.23 0.33 0.0 Cone_Yellow
-5.664300848867141 -18.286975592449927 0.0 0.23 0.23 0.33 0.0 Cone_Yellow
-0.010324089648965362 -32.28914303063321 0.0 0.23 0.23 0.33 0.0 Cone_Yellow
-23.94152816323073 5.949523020035954 0.0 0.23 0.23 0.33 0.0 Cone_Yellow
-13.869064013624902 22.79130699669447 0.0 0.23 0.23 0.33 0.0 Cone_Yellow
-6.59134083756596 14.367016290471707 0.0 0.23 0.23 0.33 0.0 Cone_Yellow
-13.450257013354824 0.6603094363434039 0.0 0.23 0.23 0.33 0.0 Cone_Yellow
-11.280939535722434 -1.2530951938382398 0.0 0.23 0.23 0.33 0.0 Cone_Yellow
-22.689671762611773 8.404909151449257 0.0 0.23 0.23 0.33 0.0 Cone_Yellow
-10.569990742234076 -36.03076640349797 0.0 0.23 0.23 0.33 0.0 Cone_Yellow
3.7748904812272057 -16.114416584065836 0.0 0.23 0.23 0.33 0.0 Cone_Yellow
-10.131014908251856 -13.332253844660666 0.0 0.23 0.23 0.33 0.0 Cone_Yellow
-21.171742839197 -8.065057231523081 0.0 0.23 0.23 0.33 0.0 Cone_Yellow
-17.342120455284068 18.0987460610437 0.0 0.23 0.23 0.33 0.0 Cone_Yellow
-15.179329344287217 4.801963688432327 0.0 0.23 0.23 0.33 0.0 Cone_Yellow
-12.049487358304487 -28.711146578589627 0.0 0.23 0.23 0.33 0.0 Cone_Yellow
0.6281040216191918 -1.2431965573295205 0.0 0.23 0.23 0.33 0.0 Cone_Yellow
-25.293736913779412 -2.5455401668912687 0.0 0.23 0.23 0.33 0.0 Cone_Yellow
2.6466459534295455 -29.178831454078033 0.0 0.23 0.23 0.33 0.0 Cone_Yellow
2.8147061644390536 -6.706943194226099 0.0 0.23 0.23 0.33 0.0 Cone_Yellow
-14.90367689478733 -33.08337585830277 0.0 0.23 0.23 0.33 0.0 Cone_Yellow
-8.441925134846146 13.192692222458312 0.0 0.23 0.23 0.33 0.0 Cone_Yellow
-7.679157900859428 -35.729500805100635 0.0 0.23 0.23 0.33 0.0 Cone_Yellow
-5.590130864652746 -20.82324014664662 0.0 0.23 0.23 0.33 0.0 Cone_Yellow
-25.644552311386015 0.34152642572765757 0.0 0.23 0.23 0.33 0.0 Cone_Yellow
-4.762300922755509 -34.63011827597073 0.0 0.23 0.23 0.33 0.0 Cone_Yellow
3.5141720578234543 -27.213068360740557 0.0 0.23 0.23 0.33 0.0 Cone_Yellow
-18.852253116720647 15.039238856137832 0.0 0.23 0.23 0.33 0.0 Cone_Yellow
-20.62105713671251 11.812082016766428 0.0 0.23 0.23 0.33 0.0 Cone_Yellow
-23.153685172616896 -6.555340548172278 0.0 0.23 0.23 0.33 0.0 Cone_Yellow
-11.25983510304386 24.68111941557044 0.0 0.23 0.23 0.33 0.0 Cone_Yellow
-10.591833057230495 11.69135699045464 0.0 0.23 0.23 0.33 0.0 Cone_Yellow
-2.353835874925486 -33.982742174036304 0.0 0.23 0.23 0.33 0.0 Cone_Yellow
-0.8617684448347038 -1.1052669709106446 0.0 0.23 0.23 0.33 0.0 Cone_Yellow
-13.248931055257918 -11.541700460729015 0.0 0.23 0.23 0.33 0.0 Cone_Yellow
-9.347906752439526 -26.1201132886428 0.0 0.23 0.23 0.33 0.0 Cone_Yellow
-3.800317966271484 29.695763564646708 0.0 0.23 0.23 0.33 0.0 Cone_Blue
-10.539279682237884 2.400380784224959 0.0 0.23 0.23 0.33 0.0 Cone_Blue
-4.4534383143820175 -38.21220388544843 0.0 0.23 0.23 0.33 0.0 Cone_Blue
-5.433434425748505 0.19523430373423523 0.0 0.23 0.23 0.33 0.0 Cone_Blue
-7.768880155469153 -38.775689062670935 0.0 0.23 0.23 0.33 0.0 Cone_Blue
-18.02267945266982 -31.37644829492968 0.0 0.23 0.23 0.33 0.0 Cone_Blue
-15.926343593245674 24.965447792322724 0.0 0.23 0.23 0.33 0.0 Cone_Blue
-13.231104184534926 27.130919024227058 0.0 0.23 0.23 0.33 0.0 Cone_Blue
1.6641405555617679 -35.18480292889414 0.0 0.23 0.23 0.33 0.0 Cone_Blue
-24.088150114785897 -9.472345108084369 0.0 0.23 0.23 0.33 0.0 Cone_Blue
-1.3583386119262695 28.067946644802152 0.0 0.23 0.23 0.33 0.0 Cone_Blue
-13.861498695724032 -14.601909245731981 0.0 0.23 0.23 0.33 0.0 Cone_Blue
5.632140224987516 -3.9602268172958928 0.0 0.23 0.23 0.33 0.0 Cone_Blue
-11.417646058249998 -39.58381867005585 0.0 0.23 0.23 0.33 0.0 Cone_Blue
-25.766496567944053 10.137083758813667 0.0 0.23 0.23 0.33 0.0 Cone_Blue
5.513201411895189 -1.858071232243617 0.0 0.23 0.23 0.33 0.0 Cone_Blue
-19.80735438665927 -11.634657091723907 0.0 0.23 0.23 0.33 0.0 Cone_Blue
6.418382295245481 -10.641178903422285 0.0 0.23 0.23 0.33 0.0 Cone_Blue
-17.010822057279064 -28.838150875383068 0.0 0.23 0.23 0.33 0.0 Cone_Blue
2.3114807584368995 20.816995673072665 0.0 0.23 0.23 0.33 0.0 Cone_Blue
-21.48927296228652 -10.884255308792152 0.0 0.23 0.23 0.33 0.0 Cone_Blue
1.7495371080226105 18.675727332868245 0.0 0.23 0.23 0.33 0.0 Cone_Blue
4.186975843366419 -32.35981451394194 0.0 0.23 0.23 0.33 0.0 Cone_Blue
-0.023701853976212384 15.979078091389393 0.0 0.23 0.23 0.33 0.0 Cone_Blue
0.5129206114736693 2.869832210006944 0.0 0.23 0.23 0.33 0.0 Cone_Blue
0.5600248325592632 25.563629011392752 0.0 0.23 0.23 0.33 0.0 Cone_Blue
-8.578427018610972 9.394369953607175 0.0 0.23 0.23 0.33 0.0 Cone_Blue
-7.34833989146372 0.031672988304759286 0.0 0.23 0.23 0.33 0.0 Cone_Blue
-26.964540144221658 7.176727806599768 0.0 0.23 0.23 0.33 0.0 Cone_Blue
-9.326200663031871 -18.803648687678308 0.0 0.23 0.23 0.33 0.0 Cone_Blue
2.370693961475805 2.3314418768532352 0.0 0.23 0.23 0.33 0.0 Cone_Blue
6.791554316507771 -28.304748504680358 0.0 0.23 0.23 0.33 0.0 Cone_Blue
-18.158500644602668 22.528741191315323 0.0 0.23 0.23 0.33 0.0 Cone_Blue
-1.3853455500880383 2.4150266900842627 0.0 0.23 0.23 0.33 0.0 Cone_Blue
-10.378264341136573 -17.63584550829106 0.0 0.23 0.23 0.33 0.0 Cone_Blue
5.612351478918165 -30.549589808272362 0.0 0.23 0.23 0.33 0.0 Cone_Blue
-28.753676854333 0.5905041850838018 0.0 0.23 0.23 0.33 0.0 Cone_Blue
7.1070480515864425 -17.98497668189694 0.0 0.23 0.23 0.33 0.0 Cone_Blue
7.709518747469513 -26.014881175055095 0.0 0.23 0.23 0.33 0.0 Cone_Blue
-14.42617457492434 -39.24996449570823 0.0 0.23 0.23 0.33 0.0 Cone_Blue
-26.51721440811953 -7.438556444765526 0.0 0.23 0.23 0.33 0.0 Cone_Blue
2.094513656662727 22.817615630898676 0.0 0.23 0.23 0.33 0.0 Cone_Blue
6.793785214065969 -15.78018697699984 0.0 0.23 0.23 0.33 0.0 Cone_Blue
-28.601173901902165 -2.3621119249309004 0.0 0.23 0.23 0.33 0.0 Cone_Blue
-6.609243263201028 10.735671202671526 0.0 0.23 0.23 0.33 0.0 Cone_Blue
7.441457017331404 -21.24904585091292 0.0 0.23 0.23 0.33 0.0 Cone_Blue
-11.195559443952062 -23.101113250904895 0.0 0.23 0.23 0.33 0.0 Cone_Blue
-4.395883491245749 11.954965265488003 0.0 0.23 0.23 0.33 0.0 Cone_Blue
-3.4149255765972857 1.08557955857804 0.0 0.23 0.23 0.33 0.0 Cone_Blue
-11.473481722167962 5.288548493829541 0.0 0.23 0.23 0.33 0.0 Cone_Blue
-11.328339796096028 3.4335955849228483 0.0 0.23 0.23 0.33 0.0 Cone_Blue
-16.719055518436292 -13.142993981284608 0.0 0.23 0.23 0.33 0.0 Cone_Blue
-8.690587251581979 0.8550726655125143 0.0 0.23 0.23 0.33 0.0 Cone_Blue
-28.10570336027326 3.963956303815266 0.0 0.23 0.23 0.33 0.0 Cone_Blue
7.689526245940581 -23.56878623353554 0.0 0.23 0.23 0.33 0.0 Cone_Blue
-1.547644618196487 -37.30349863272317 0.0 0.23 0.23 0.33 0.0 Cone_Blue
-7.140790138802084 29.979774855354353 0.0 0.23 0.23 0.33 0.0 Cone_Blue
6.808447412799323 -13.834407721323736 0.0 0.23 0.23 0.33 0.0 Cone_Blue
-15.304142778500703 -26.946063664151048 0.0 0.23 0.23 0.33 0.0 Cone_Blue
5.980737693632129 -6.891991647233155 0.0 0.23 0.23 0.33 0.0 Cone_Blue
-9.080045957776756 -19.93474527499142 0.0 0.23 0.23 0.33 0.0 Cone_Blue
-12.368582531300722 -15.651502868683751 0.0 0.23 0.23 0.33 0.0 Cone_Blue
-28.000720613818665 -4.702257177123617 0.0 0.23 0.23 0.33 0.0 Cone_Blue
-2.0158936787493413 14.023775250386446 0.0 0.23 0.23 0.33 0.0 Cone_Blue
-10.436688901551056 7.188340408116346 0.0 0.23 0.23 0.33 0.0 Cone_Blue
-20.295073119388256 19.878303817615425 0.0 0.23 0.23 0.33 0.0 Cone_Blue
-17.644163330132862 -37.33554778272352 0.0 0.23 0.23 0.33 0.0 Cone_Blue
-9.434791539872483 -21.227624899780913 0.0 0.23 0.23 0.33 0.0 Cone_Blue
-18.347679684361992 -34.3621425065613 0.0 0.23 0.23 0.33 0.0 Cone_Blue
-23.819917247700864 14.15906858558176 0.0 0.23 0.23 0.33 0.0 Cone_Blue
-13.271541214515443 -24.913039040082623 0.0 0.23 0.23 0.33 0.0 Cone_Blue
4.344150239183216 0.690770880675041 0.0 0.23 0.23 0.33 0.0 Cone_Blue
-22.17681720292834 17.34336855516768 0.0 0.23 0.23 0.33 0.0 Cone_Blue
-10.399791753462024 28.86510190048318 0.0 0.23 0.23 0.33 0.0 Cone_Blue
