33.94424132024402 -14.480489272104894 0.0 0.23 0.23 0.33 0.0 Cone_Yellow
35.94628147721002 -12.991167114628226 0.0 0.23 0.23 0.33 0.0 Cone_Yellow
-6.096309994939901 -8.10412696213971 0.0 0.23 0.23 0.33 0.0 Cone_Yellow
23.254777704557323 -2.305723774263143 0.0 0.23 0.23 0.33 0.0 Cone_Yellow
42.54627005149942 -2.9636148035539804 0.0 0.23 0.23 0.33 0.0 Cone_Yellow
-1.4707609579951253 -1.3155745650514423 0.0 0.23 0.23 0.33 0.0 Cone_Yellow
22.447397981516705 -6.686575712067684 0.0 0.23 0.23 0.33 0.0 Cone_Yellow
11.594860293157396 -16.918341120363394 0.0 0.23 0.23 0.33 0.0 Cone_Yellow
15.838796585515592 -17.988578875251655 0.0 0.23 0.23 0.33 0.0 Cone_Yellow
52.74256828168265 -23.63895229451033 0.0 0.23 0.23 0.33 0.0 Cone_Yellow
28.4088094860767 -21.32855883524444 0.0 0.23 0.23 0.33 0.0 Cone_Yellow
2.424917360684443 -2.8744561080765103 0.0 0.23 0.23 0.33 0.0 Cone_Yellow
9.452755498652632 -14.875781812168238 0.0 0.23 0.23 0.33 0.0 Cone_Yellow
44.611626845280774 -3.3183710125441834 0.0 0.23 0.23 0.33 0.0 Cone_Yellow
54.20764596160936 -22.630386702811098 0.0 0.23 0.23 0.33 0.0 Cone_Yellow
42.91211259396271 -14.474021796362795 0.0 0.23 0.23 0.33 0.0 Cone_Yellow
23.140725113811325 -11.071288869202697 0.0 0.23 0.23 0.33 0.0 Cone_Yellow
25.138273974890257 -2.0599102924158097 0.0 0.23 0.23 0.33 0.0 Cone_Yellow
46.33644890967617 -3.869636073141168 0.0 0.23 0.23 0.33 0.0 Cone_Yellow
-3.4809660545273644 -2.082930929213148 0.0 0.23 0.23 0.33 0.0 Cone_Yellow
0.8676004566505959 -1.4480138428694642 0.0 0.23 0.23 0.33 0.0 Cone_Yellow
32.07625576458407 -2.4558793815192486 0.0 0.23 0.23 0.33 0.0 Cone_Yellow
-5.822065979587002 -3.9008621126407497 0.0 0.23 0.23 0.33 0.0 Cone_Yellow
21.645701777599264 -28.889177700711336 0.0 0.23 0.23 0.33 0.0 Cone_Yellow
51.51670699426916 -7.303385848312473 0.0 0.23 0.23 0.33 0.0 Cone_Yellow
39.75908782640184 -2.7894001393783565 0.0 0.23 0.23 0.33 0.0 Cone_Yellow
4.209503737548474 -5.178104481076703 0.0 0.23 0.23 0.33 0.0 Cone_Yellow
22.241941625151604 -12.999216525707787 0.0 0.23 0.23 0.33 0.0 Cone_Yellow
23.097526399914052 -8.921921095208788 0.0 0.23 0.23 0.33 0.0 Cone_Yellow
49.59347676087275 -22.672499402442533 0.0 0.23 0.23 0.33 0.0 Cone_Yellow
26.609286687140667 -23.765339281769826 0.0 0.23 0.23 0.33 0.0 Cone_Yellow
-1.939969736228754 -15.974146982921614 0.0 0.23 0.23 0.33 0.0 Cone_Yellow
-6.399360760807461 -5.824832583461174 0.0 0.23 0.23 0.33 0.0 Cone_Yellow
13.702966706588242 -28.02298580830565 0.0 0.23 0.23 0.33 0.0 Cone_Yellow
35.556941951716134 -2.5569709888372287 0.0 0.23 0.23 0.33 0.0 Cone_Yellow
38.00052655390511 -12.312550699748495 0.0 0.23 0.23 0.33 0.0 Cone_Yellow
52.73103445015846 -8.989858526356992 0.0 0.23 0.23 0.33 0.0 Cone_Yellow
11.134526296776091 -26.44347188266831 0.0 0.23 0.23 0.33 0.0 Cone_Yellow
-3.8631513543618965 -13.787647664780238 0.0 0.23 0.23 0.33 0.0 Cone_Yellow
5.624209003591371 -7.963223060698432 0.0 0.23 0.23 0.33 0.0 Cone_Yellow
18.04588246527795 -16.94211900077577 0.0 0.23 0.23 0.33 0.0 Cone_Yellow
20.28398088419232 -15.10964224381133 0.0 0.23 0.23 0.33 0.0 Cone_Yellow
8.913072712995373 -24.812150492746866 0.0 0.23 0.23 0.33 0.0 Cone_Yellow
54.72136266313119 -20.014598835440495 0.0 0.23 0.23 0.33 0.0 Cone_Yellow
37.37810385278616 -2.646582792075158 0.0 0.23 0.23 0.33 0.0 Cone_Yellow
32.39052270659571 -15.922074064334833 0.0 0.23 0.23 0.33 0.0 Cone_Yellow
25.41231605027735 -25.969246067854748 0.0 0.23 0.23 0.33 0.0 Cone_Yellow
0.2081281549823828 -17.971776288345637 0.0 0.23 0.23 0.33 0.0 Cone_Yellow
13.679653824079214 -17.980886791101454 0.0 0.23 0.23 0.33 0.0 Cone_Yellow
47.25897209453156 -20.294726698799856 0.0 0.23 0.23 0.33 0.0 Cone_Yellow
22.19410204595437 -3.35477714118027 0.0 0.23 0.23 0.33 0.0 Cone_Yellow
19.30047787210094 -29.147506261960874 0.0 0.23 0.23 0.33 0.0 Cone_Yellow
50.08974437551659 -5.866220478396233 0.0 0.23 0.23 0.33 0.0 Cone_Yellow
27.93888932934146 -2.077602403011275 0.0 0.23 0.23 0.33 0.0 Cone_Yellow
51.11387926221478 -23.816441836782136 0.0 0.23 0.23 0.33 0.0 Cone_Yellow
6.4848346370164975 -9.978917178650637 0.0 0.23 0.23 0.33 0.0 Cone_Yellow
54.8900769908671 -17.11301117466501 0.0 0.23 0.23 0.33 0.0 Cone_Yellow
40.51557307731686 -12.648229207412275 0.0 0.23 0.23 0.33 0.0 Cone_Yellow
16.394619134162983 -29.028300773145318 0.0 0.23 0.23 0.33 0.0 Cone_Yellow
54.275309446263236 -14.057073112110189 0.0 0.23 0.23 0.33 0.0 Cone_Yellow
48.28955043276294 -4.693135720415956 0.0 0.23 0.23 0.33 0.0 Cone_Yellow
2.984163267580925 -19.95538765290988 0.0 0.23 0.23 0.33 0.0 Cone_Yellow
5.883953966418364 -22.221314136707807 0.0 0.23 0.23 0.33 0.0 Cone_Yellow
23.60283247853785 -27.681878276063646 0.0 0.23 0.23 0.33 0.0 Cone_Yellow
-5.307603287222101 -10.907886372588436 0.0 0.23 0.23 0.33 0.0 Cone_Yellow
7.619939218582104 -12.342738056487047 0.0 0.23 0.23 0.33 0.0 Cone_Yellow
54.0246766454989 -11.575746268835466 0.0 0.23 0.23 0.33 0.0 Cone_Yellow
21.817790104377917 -4.802925565801882 0.0 0.23 0.23 0.33 0.0 Cone_Yellow
30.120742346229445 -18.71054669933877 0.0 0.23 0.23 0.33 0.0 Cone_Yellow
45.13735976816466 -17.210775918355008 0.0 0.23 0.23 0.33 0.0 Cone_Yellow
-9.054084542633717 -2.7375173442938783 0.0 0.23 0.23 0.33 0.0 Cone_Blue
16.797858649895062 -13.788696435651936 0.0 0.23 0.23 0.33 0.0 Cone_Blue
57.86033279483757 -14.329728599227842 0.0 0.23 0.23 0.33 0.0 Cone_Blue
19.79728872009835 -9.10513517977025 0.0 0.23 0.23 0.33 0.0 Cone_Blue
57.88195571880272 -17.692644387013782 0.0 0.23 0.23 0.33 0.0 Cone_Blue
48.92645572557833 -26.619468225179002 0.0 0.23 0.23 0.33 0.0 Cone_Blue
-6.340513479312094 -15.467518007932327 0.0 0.23 0.23 0.33 0.0 Cone_Blue
-8.043152522758248 -12.458431532902818 0.0 0.23 0.23 0.33 0.0 Cone_Blue
55.858763298944226 -7.804113889881469 0.0 0.23 0.23 0.33 0.0 Cone_Blue
26.331033935995762 -29.07437859499192 0.0 0.23 0.23 0.33 0.0 Cone_Blue
-7.053881665980022 -0.5899048224904758 0.0 0.23 0.23 0.33 0.0 Cone_Blue
33.04216883703221 -19.808446594953768 0.0 0.23 0.23 0.33 0.0 Cone_Blue
25.68230736286948 1.1457845376814872 0.0 0.23 0.23 0.33 0.0 Cone_Blue
58.09128693552638 -21.42396406205279 0.0 0.23 0.23 0.33 0.0 Cone_Blue
6.70753196589272 -27.569480680804862 0.0 0.23 0.23 0.33 0.0 Cone_Blue
23.588474210734116 1.3672958828653674 0.0 0.23 0.23 0.33 0.0 Cone_Blue
29.155181249767487 -25.198169476451714 0.0 0.23 0.23 0.33 0.0 Cone_Blue
32.40262266850171 0.8446872725903287 0.0 0.23 0.23 0.33 0.0 Cone_Blue
46.58448444791452 -25.211640212500722 0.0 0.23 0.23 0.33 0.0 Cone_Blue
0.693846336651859 1.8629659451512603 0.0 0.23 0.23 0.33 0.0 Cone_Blue
28.143448159238712 -26.737113622415514 0.0 0.23 0.23 0.33 0.0 Cone_Blue
2.716513664072501 0.9631728280472551 0.0 0.23 0.23 0.33 0.0 Cone_Blue
53.477440024077296 -4.85885381739491 0.0 0.23 0.23 0.33 0.0 Cone_Blue
5.092021011000963 -1.2216059691329122 0.0 0.23 0.23 0.33 0.0 Cone_Blue
18.116304019098955 -2.805381008063083 0.0 0.23 0.23 0.33 0.0 Cone_Blue
-4.273056585706392 0.8996377203947012 0.0 0.23 0.23 0.33 0.0 Cone_Blue
10.211467738525513 -10.725971761033435 0.0 0.23 0.23 0.33 0.0 Cone_Blue
19.650003317152322 -11.021361225050413 0.0 0.23 0.23 0.33 0.0 Cone_Blue
9.436025514022365 -29.229100737409148 0.0 0.23 0.23 0.33 0.0 Cone_Blue
37.92009625166994 -16.0098459682921 0.0 0.23 0.23 0.33 0.0 Cone_Blue
18.94714888147722 -1.0587033659461547 0.0 0.23 0.23 0.33 0.0 Cone_Blue
49.895307026253775 -1.6346155277947243 0.0 0.23 0.23 0.33 0.0 Cone_Blue
-4.295532109465057 -18.06330601127434 0.0 0.23 0.23 0.33 0.0 Cone_Blue
18.25913571870533 -4.752137692055696 0.0 0.23 0.23 0.33 0.0 Cone_Blue
36.59796218845141 -16.859883477730026 0.0 0.23 0.23 0.33 0.0 Cone_Blue
51.92068246314314 -3.160291165057525 0.0 0.23 0.23 0.33 0.0 Cone_Blue
15.647667396794429 -32.056618532273546 0.0 0.23 0.23 0.33 0.0 Cone_Blue
39.761382873563605 0.34043081057589153 0.0 0.23 0.23 0.33 0.0 Cone_Blue
47.783379542297695 -0.35950244014054467 0.0 0.23 0.23 0.33 0.0 Cone_Blue
57.27678636244181 -24.33931845934602 0.0 0.23 0.23 0.33 0.0 Cone_Blue
23.93225163420843 -31.143797145412442 0.0 0.23 0.23 0.33 0.0 Cone_Blue
-1.3155827233766075 1.9713624008920085 0.0 0.23 0.23 0.33 0.0 Cone_Blue
37.53493056880604 0.38670588844035403 0.0 0.23 0.23 0.33 0.0 Cone_Blue
18.58624773706739 -32.382109895261436 0.0 0.23 0.23 0.33 0.0 Cone_Blue
9.205168792345049 -8.56631064543495 0.0 0.23 0.23 0.33 0.0 Cone_Blue
43.036667942187336 0.1442558485096388 0.0 0.23 0.23 0.33 0.0 Cone_Blue
41.85998397905989 -18.547559234118975 0.0 0.23 0.23 0.33 0.0 Cone_Blue
8.358645438553559 -6.185336537382733 0.0 0.23 0.23 0.33 0.0 Cone_Blue
19.243998950822913 -6.969494039938982 0.0 0.23 0.23 0.33 0.0 Cone_Blue
13.796863800738937 -14.245069184126805 0.0 0.23 0.23 0.33 0.0 Cone_Blue
15.650952047117494 -14.400867924834685 0.0 0.23 0.23 0.33 0.0 Cone_Blue
31.14166191656172 -22.393429803624713 0.0 0.23 0.23 0.33 0.0 Cone_Blue
18.62098651857474 -12.213308972401535 0.0 0.23 0.23 0.33 0.0 Cone_Blue
12.422802775999529 -30.873277066794046 0.0 0.23 0.23 0.33 0.0 Cone_Blue
45.36605728707715 0.015108394540421122 0.0 0.23 0.23 0.33 0.0 Cone_Blue
57.43196486187357 -11.31544872583682 0.0 0.23 0.23 0.33 0.0 Cone_Blue
-9.872907761512465 -5.988508775369294 0.0 0.23 0.23 0.33 0.0 Cone_Blue
35.61696648567907 0.7148608331327466 0.0 0.23 0.23 0.33 0.0 Cone_Blue
44.992284919633754 -23.222256177764912 0.0 0.23 0.23 0.33 0.0 Cone_Blue
28.631922111798808 1.0171842029188287 0.0 0.23 0.23 0.33 0.0 Cone_Blue
39.07608101085605 -15.949258302220247 0.0 0.23 0.23 0.33 0.0 Cone_Blue
34.31871063010199 -18.504266201801197 0.0 0.23 0.23 0.33 0.0 Cone_Blue
20.992583871847785 -32.16677211645672 0.0 0.23 0.23 0.33 0.0 Cone_Blue
6.700581009137355 -3.5029591200331733 0.0 0.23 0.23 0.33 0.0 Cone_Blue
12.08906607429521 -12.915567173588308 0.0 0.23 0.23 0.33 0.0 Cone_Blue
-2.024206178621043 -20.599215853479336 0.0 0.23 0.23 0.33 0.0 Cone_Blue
54.868629860563566 -27.206586364873004 0.0 0.23 0.23 0.33 0.0 Cone_Blue
40.294859810646955 -16.50779244566404 0.0 0.23 0.23 0.33 0.0 Cone_Blue
51.82070186705003 -27.421549485742197 0.0 0.23 0.23 0.33 0.0 Cone_Blue
3.0519695483664577 -24.99996780706386 0.0 0.23 0.23 0.33 0.0 Cone_Blue
43.3135343325674 -20.888492113766958 0.0 0.23 0.23 0.33 0.0 Cone_Blue
20.884505779328272 0.6244422748324736 0.0 0.23 0.23 0.33 0.0 Cone_Blue
0.1742100467481542 -22.865010124981627 0.0 0.23 0.23 0.33 0.0 Cone_Blue
-9.298207891702006 -9.384581121524064 0.0 0.23 0.23 0.33 0.0 Cone_Blue
