-15.086157372106708 -2.229067279509241 0.0 0.23 0.23 0.33 0.0 Cone_Yellow
-17.51873209840925 -1.6733465944438528 0.0 0.23 0.23 0.33 0.0 Cone_Yellow
6.061019238823707 -36.82242888716365 0.0 0.23 0.23 0.33 0.0 Cone_Yellow
-17.405590901648715 -18.26371025715498 0.0 0.23 0.23 0.33 0.0 Cone_Yellow
-29.430457245334953 -3.1641378461551017 0.0 0.23 0.23 0.33 0.0 Cone_Yellow
-2.105308025737873 -37.71194929124204 0.0 0.23 0.23 0.33 0.0 Cone_Yellow
-13.549468361098429 -16.033453619365744 0.0 0.23 0.23 0.33 0.0 Cone_Yellow
1.278593082819853 -17.64441341496587 0.0 0.23 0.23 0.33 0.0 Cone_Yellow
-0.66284886554552 -13.721760324682386 0.0 0.23 0.23 0.33 0.0 Cone_Yellow
-20.325594862876756 18.014520254873876 0.0 0.23 0.23 0.33 0.0 Cone_Yellow
-6.283811023887477 -1.992929399653507 0.0 0.23 0.23 0.33 0.0 Cone_Yellow
-3.4489940353253523 -33.736911035394286 0.0 0.23 0.23 0.33 0.0 Cone_Yellow
1.1158819937384479 -20.599779141847222 0.0 0.23 0.23 0.33 0.0 Cone_Yellow
-30.50160009777666 -1.3629705460136208 0.0 0.23 0.23 0.33 0.0 Cone_Yellow
-22.04389370923039 18.473983240977027 0.0 0.23 0.23 0.33 0.0 Cone_Yellow
-20.913575346008376 4.587380238639728 0.0 0.23 0.23 0.33 0.0 Cone_Yellow
-10.664761215130245 -12.659305332059915 0.0 0.23 0.23 0.33 0.0 Cone_Yellow
-18.815430732118916 -16.99078680280443 0.0 0.23 0.23 0.33 0.0 Cone_Yellow
-31.202188950826795 0.3067838011410977 0.0 0.23 0.23 0.33 0.0 Cone_Yellow
-0.21653383308957785 -38.742624976862615 0.0 0.23 0.23 0.33 0.0 Cone_Yellow
-3.5227888518126953 -35.847486265187854 0.0 0.23 0.23 0.33 0.0 Cone_Yellow
-23.01883931547446 -11.45691482063667 0.0 0.23 0.23 0.33 0.0 Cone_Yellow
2.686107989718348 -39.342869173235215 0.0 0.23 0.23 0.33 0.0 Cone_Yellow
3.857558623497969 -2.2278872265287113 0.0 0.23 0.23 0.33 0.0 Cone_Yellow
-31.953945278685506 6.476109028830461 0.0 0.23 0.23 0.33 0.0 Cone_Yellow
-27.75334695762269 -5.397081326846761 0.0 0.23 0.23 0.33 0.0 Cone_Yellow
-2.855584649058251 -30.883945970202426 0.0 0.23 0.23 0.33 0.0 Cone_Yellow
-8.614901369466457 -12.09115797323495 0.0 0.23 0.23 0.33 0.0 Cone_Yellow
-12.27144725029312 -14.087663809886301 0.0 0.23 0.23 0.33 0.0 Cone_Yellow
-19.016059036489963 14.991951063203903 0.0 0.23 0.23 0.33 0.0 Cone_Yellow
-3.262119786127034 -1.7794737553130595 0.0 0.23 0.23 0.33 0.0 Cone_Yellow
9.348124647795547 -28.55155725812726 0.0 0.23 0.23 0.33 0.0 Cone_Yellow
4.524227702459935 -38.532778092773185 0.0 0.23 0.23 0.33 0.0 Cone_Yellow
8.355680563925961 -8.831236968271773 0.0 0.23 0.23 0.33 0.0 Cone_Yellow
-25.201830268083757 -8.743992715749027 0.0 0.23 0.23 0.33 0.0 Cone_Yellow
-19.368607305897932 -0.5515601662905532 0.0 0.23 0.23 0.33 0.0 Cone_Yellow
-31.459690447776477 8.494646476102698 0.0 0.23 0.23 0.33 0.0 Cone_Yellow
8.821949023637597 -11.810220704970654 0.0 0.23 0.23 0.33 0.0 Cone_Yellow
8.933799339959865 -31.43387253301389 0.0 0.23 0.23 0.33 0.0 Cone_Yellow
-1.6558362134293745 -27.9996990696182 0.0 0.23 0.23 0.33 0.0 Cone_Yellow
-2.891726577562828 -12.722555393546155 0.0 0.23 0.23 0.33 0.0 Cone_Yellow
-5.738556275218166 -12.210094399801742 0.0 0.23 0.23 0.33 0.0 Cone_Yellow
9.023529153824608 -14.558935123243533 0.0 0.23 0.23 0.33 0.0 Cone_Yellow
-24.36690649596933 17.166366091673353 0.0 0.23 0.23 0.33 0.0 Cone_Yellow
-26.31608611253699 -7.3006996553173 0.0 0.23 0.23 0.33 0.0 Cone_Yellow
-12.980968194074478 -2.4748044730348155 0.0 0.23 0.23 0.33 0.0 Cone_Yellow
-0.8087583304440606 -1.2589342322859842 0.0 0.23 0.23 0.33 0.0 Cone_Yellow
9.47277247077189 -25.62080474173461 0.0 0.23 0.23 0.33 0.0 Cone_Yellow
0.7331503951292184 -15.368922337544893 0.0 0.23 0.23 0.33 0.0 Cone_Yellow
-19.308803664523715 11.672611422535237 0.0 0.23 0.23 0.33 0.0 Cone_Yellow
-15.919061391727823 -18.38931215016347 0.0 0.23 0.23 0.33 0.0 Cone_Yellow
5.576699241373088 -3.843858868745876 0.0 0.23 0.23 0.33 0.0 Cone_Yellow
-32.12052980894511 4.457714565381387 0.0 0.23 0.23 0.33 0.0 Cone_Yellow
-20.620308175658003 -14.849250721350518 0.0 0.23 0.23 0.33 0.0 Cone_Yellow
-19.1331565049011 16.891034063512638 0.0 0.23 0.23 0.33 0.0 Cone_Yellow
-0.6815419744193925 -26.036423746621576 0.0 0.23 0.23 0.33 0.0 Cone_Yellow
-26.68329155604846 15.410793327305509 0.0 0.23 0.23 0.33 0.0 Cone_Yellow
-20.746226488557394 1.5792388535612893 0.0 0.23 0.23 0.33 0.0 Cone_Yellow
7.372699731085898 -6.131348146177677 0.0 0.23 0.23 0.33 0.0 Cone_Yellow
-28.608384993119028 12.95911801547945 0.0 0.23 0.23 0.33 0.0 Cone_Yellow
-31.843938982016105 2.326911056047102 0.0 0.23 0.23 0.33 0.0 Cone_Yellow
9.17906289599998 -22.221566639204024 0.0 0.23 0.23 0.33 0.0 Cone_Yellow
9.019722430766695 -18.54490789202878 0.0 0.23 0.23 0.33 0.0 Cone_Yellow
1.668638449445833 -1.5232164147743497 0.0 0.23 0.23 0.33 0.0 Cone_Yellow
7.681382378792744 -34.40219162666449 0.0 0.23 0.23 0.33 0.0 Cone_Yellow
0.3793164186937865 -23.638363900965544 0.0 0.23 0.23 0.33 0.0 Cone_Yellow
-30.33286829533049 11.157464040830451 0.0 0.23 0.23 0.33 0.0 Cone_Yellow
-14.573325688539894 -17.735293836755968 0.0 0.23 0.23 0.33 0.0 Cone_Yellow
-9.386471864162413 -2.390669731584481 0.0 0.23 0.23 0.33 0.0 Cone_Yellow
-20.27686536194971 8.056695517874974 0.0 0.23 0.23 0.33 0.0 Cone_Yellow
3.8997361856927277 -42.55634418385139 0.0 0.23 0.23 0.33 0.0 Cone_Blue
-4.47981398556453 -15.719156084753019 0.0 0.23 0.23 0.33 0.0 Cone_Blue
-30.72863267535663 15.862785212395202 0.0 0.23 0.23 0.33 0.0 Cone_Blue
-9.989381794448766 -16.478754230447375 0.0 0.23 0.23 0.33 0.0 Cone_Blue
-28.184956478303803 18.06264465134298 0.0 0.23 0.23 0.33 0.0 Cone_Blue
-15.581062268732694 17.047255701128915 0.0 0.23 0.23 0.33 0.0 Cone_Blue
11.819906840524201 -32.2273906255146 0.0 0.23 0.23 0.33 0.0 Cone_Blue
10.63676081504261 -35.47604367083352 0.0 0.23 0.23 0.33 0.0 Cone_Blue
-34.39224183549058 10.103627660850787 0.0 0.23 0.23 0.33 0.0 Cone_Blue
0.9564072410591251 1.4558550909956658 0.0 0.23 0.23 0.33 0.0 Cone_Blue
0.9676819018622282 -42.429423861397844 0.0 0.23 0.23 0.33 0.0 Cone_Blue
-10.448219457498286 0.544089026814758 0.0 0.23 0.23 0.33 0.0 Cone_Blue
-21.606789425288493 -18.65835038990248 0.0 0.23 0.23 0.33 0.0 Cone_Blue
-25.48295716027978 20.644459083293096 0.0 0.23 0.23 0.33 0.0 Cone_Blue
12.552631289987549 -14.446161608461562 0.0 0.23 0.23 0.33 0.0 Cone_Blue
-20.415816608260293 -20.394664962244196 0.0 0.23 0.23 0.33 0.0 Cone_Blue
-3.8253125538984314 1.0871262162795823 0.0 0.23 0.23 0.33 0.0 Cone_Blue
-25.74103157090462 -13.351624539477243 0.0 0.23 0.23 0.33 0.0 Cone_Blue
-15.131253385729776 14.351985557440976 0.0 0.23 0.23 0.33 0.0 Cone_Blue
-5.928191337581577 -38.1293312494835 0.0 0.23 0.23 0.33 0.0 Cone_Blue
-1.9979659503702756 1.3168158360739675 0.0 0.23 0.23 0.33 0.0 Cone_Blue
-6.557081687413408 -36.00676023797621 0.0 0.23 0.23 0.33 0.0 Cone_Blue
-35.08619979305739 6.380231390355764 0.0 0.23 0.23 0.33 0.0 Cone_Blue
-6.437742904959968 -32.781539035807015 0.0 0.23 0.23 0.33 0.0 Cone_Blue
-13.689352956362615 -21.847443604022807 0.0 0.23 0.23 0.33 0.0 Cone_Blue
-1.9706959856174038 -41.28152991833758 0.0 0.23 0.23 0.33 0.0 Cone_Blue
-2.532920283482351 -22.717043807679214 0.0 0.23 0.23 0.33 0.0 Cone_Blue
-8.436341015593667 -15.346641344846223 0.0 0.23 0.23 0.33 0.0 Cone_Blue
12.043372289689433 -11.293437223888173 0.0 0.23 0.23 0.33 0.0 Cone_Blue
-16.504354575788984 1.7877811158604722 0.0 0.23 0.23 0.33 0.0 Cone_Blue
-15.557250457585344 -22.349583918812808 0.0 0.23 0.23 0.33 0.0 Cone_Blue
-35.212698486959404 1.5624116093073805 0.0 0.23 0.23 0.33 0.0 Cone_Blue
12.466442723226667 -28.986703119182973 0.0 0.23 0.23 0.33 0.0 Cone_Blue
-12.301453693102125 -20.474855495330566 0.0 0.23 0.23 0.33 0.0 Cone_Blue
-14.999434472141896 1.3341097257409285 0.0 0.23 0.23 0.33 0.0 Cone_Blue
-35.36732293892994 4.093404120032144 0.0 0.23 0.23 0.33 0.0 Cone_Blue
10.160898875957333 -4.7332813105981 0.0 0.23 0.23 0.33 0.0 Cone_Blue
-30.13527608007317 -7.42741644651427 0.0 0.23 0.23 0.33 0.0 Cone_Blue
-34.81131003194257 -0.8717285657801703 0.0 0.23 0.23 0.33 0.0 Cone_Blue
-22.73681706462778 21.917807825949435 0.0 0.23 0.23 0.33 0.0 Cone_Blue
4.087772467272458 0.9750209322105192 0.0 0.23 0.23 0.33 0.0 Cone_Blue
-4.705987704135708 -39.7280098342202 0.0 0.23 0.23 0.33 0.0 Cone_Blue
-28.724920147414025 -9.150822200074575 0.0 0.23 0.23 0.33 0.0 Cone_Blue
8.500547250065598 -2.2869715342171215 0.0 0.23 0.23 0.33 0.0 Cone_Blue
-3.522130580717974 -24.88458543153676 0.0 0.23 0.23 0.33 0.0 Cone_Blue
-32.11259082260002 -4.808981168437443 0.0 0.23 0.23 0.33 0.0 Cone_Blue
-17.132279193245825 6.431961840033832 0.0 0.23 0.23 0.33 0.0 Cone_Blue
-4.783399973080002 -27.074297515720467 0.0 0.23 0.23 0.33 0.0 Cone_Blue
-11.254445040053238 -18.286157791234324 0.0 0.23 0.23 0.33 0.0 Cone_Blue
-2.1842807160370903 -17.705301391296512 0.0 0.23 0.23 0.33 0.0 Cone_Blue
-3.2695749386648707 -16.19399304311073 0.0 0.23 0.23 0.33 0.0 Cone_Blue
-7.248245261789318 0.7769621481998961 0.0 0.23 0.23 0.33 0.0 Cone_Blue
-6.8616859779337425 -15.355388718308234 0.0 0.23 0.23 0.33 0.0 Cone_Blue
11.354673505698454 -7.9542983828540414 0.0 0.23 0.23 0.33 0.0 Cone_Blue
-33.526750068840336 -2.9534792387090167 0.0 0.23 0.23 0.33 0.0 Cone_Blue
-32.74306456844112 13.579925954962523 0.0 0.23 0.23 0.33 0.0 Cone_Blue
6.903956501874177 -41.06836668383892 0.0 0.23 0.23 0.33 0.0 Cone_Blue
-27.729241814098504 -10.822616609820338 0.0 0.23 0.23 0.33 0.0 Cone_Blue
-15.61055389158594 11.849383071906122 0.0 0.23 0.23 0.33 0.0 Cone_Blue
-23.424053646611014 -16.33148211621281 0.0 0.23 0.23 0.33 0.0 Cone_Blue
-17.300972523506502 2.62764507753816 0.0 0.23 0.23 0.33 0.0 Cone_Blue
-12.268943287852615 0.6682267765820757 0.0 0.23 0.23 0.33 0.0 Cone_Blue
6.774426050056743 -0.5966077995699397 0.0 0.23 0.23 0.33 0.0 Cone_Blue
-5.747003219942943 -30.07692886902333 0.0 0.23 0.23 0.33 0.0 Cone_Blue
-2.086644697269101 -19.867387392895758 0.0 0.23 0.23 0.33 0.0 Cone_Blue
12.920480440769072 -25.612742543988663 0.0 0.23 0.23 0.33 0.0 Cone_Blue
-18.9925494451307 21.94785733824627 0.0 0.23 0.23 0.33 0.0 Cone_Blue
-17.667478049964366 3.9172403052309797 0.0 0.23 0.23 0.33 0.0 Cone_Blue
-16.850151911731658 19.76927821279249 0.0 0.23 0.23 0.33 0.0 Cone_Blue
12.971768596127166 -18.894740810336383 0.0 0.23 0.23 0.33 0.0 Cone_Blue
-16.295583378652406 9.057359998607243 0.0 0.23 0.23 0.33 0.0 Cone_Blue
-18.095244099974035 -21.96890128338309 0.0 0.23 0.23 0.33 0.0 Cone_Blue
13.216415291210271 -22.469610325160843 0.0 0.23 0.23 0.33 0.0 Cone_Blue
9.113758502081293 -38.426329129117576 0.0 0.23 0.23 0.33 0.0 Cone_Blue
