14.515666001606581 21.10301623726447 0.0 0.23 0.23 0.33 0.0 Cone_Yellow
14.023475193888448 23.549236482388196 0.0 0.23 0.23 0.33 0.0 Cone_Yellow
-8.34283163239401 -12.38418776438683 0.0 0.23 0.23 0.33 0.0 Cone_Yellow
-1.0571654278913747 16.63351194853533 0.0 0.23 0.23 0.33 0.0 Cone_Yellow
7.772815415104846 33.79818310445517 0.0 0.23 0.23 0.33 0.0 Cone_Yellow
-12.507265837636995 -5.303394356060622 0.0 0.23 0.23 0.33 0.0 Cone_Yellow
2.559837314915883 14.033316402683496 0.0 0.23 0.23 0.33 0.0 Cone_Yellow
7.179865202555376 -0.14843031501983717 0.0 0.23 0.23 0.33 0.0 Cone_Yellow
9.959320373528493 3.232550764213542 0.0 0.23 0.23 0.33 0.0 Cone_Yellow
30.822287614752366 34.193036598119726 0.0 0.23 0.23 0.33 0.0 Cone_Yellow
18.34551662739341 13.173999493905214 0.0 0.23 0.23 0.33 0.0 Cone_Yellow
-9.434587121466468 -2.4459362662530104 0.0 0.23 0.23 0.33 0.0 Cone_Yellow
4.418346897320438 -1.2136430299211014 0.0 0.23 0.23 0.33 0.0 Cone_Yellow
8.97527313006537 35.5144715700599 0.0 0.23 0.23 0.33 0.0 Cone_Yellow
30.535634743104392 35.94845315613523 0.0 0.23 0.23 0.33 0.0 Cone_Yellow
18.3379713897825 29.215521308434088 0.0 0.23 0.23 0.33 0.0 Cone_Yellow
6.8209450266919305 12.78857825697916 0.0 0.23 0.23 0.33 0.0 Cone_Yellow
-0.4754410542109313 18.441709731213454 0.0 0.23 0.23 0.33 0.0 Cone_Yellow
10.210070420303957 36.83892616455517 0.0 0.23 0.23 0.33 0.0 Cone_Yellow
-12.67144201191158 -7.448809584762095 0.0 0.23 0.23 0.33 0.0 Cone_Yellow
-11.389313096634252 -3.245323429999676 0.0 0.23 0.23 0.33 0.0 Cone_Yellow
2.844284426383031 24.546773659391725 0.0 0.23 0.23 0.33 0.0 Cone_Yellow
-12.026822370462469 -10.341920050100526 0.0 0.23 0.23 0.33 0.0 Cone_Yellow
22.295670085848517 3.8306130007767223 0.0 0.23 0.23 0.33 0.0 Cone_Yellow
15.52656714609144 40.057710703192534 0.0 0.23 0.23 0.33 0.0 Cone_Yellow
6.425494653858813 31.35207144072657 0.0 0.23 0.23 0.33 0.0 Cone_Yellow
-6.589578546884107 -1.8154835927969124 0.0 0.23 0.23 0.33 0.0 Cone_Yellow
8.180723539536602 11.152815681233374 0.0 0.23 0.23 0.33 0.0 Cone_Yellow
4.858807771884131 13.66702310445749 0.0 0.23 0.23 0.33 0.0 Cone_Yellow
28.604047355528557 31.75783255094386 0.0 0.23 0.23 0.33 0.0 Cone_Yellow
19.78095380963037 10.506472297359569 0.0 0.23 0.23 0.33 0.0 Cone_Yellow
0.5483486627753229 -11.985073203785888 0.0 0.23 0.23 0.33 0.0 Cone_Yellow
-10.533387108990542 -11.685267643542232 0.0 0.23 0.23 0.33 0.0 Cone_Yellow
18.12181359221779 -2.9823342890028215 0.0 0.23 0.23 0.33 0.0 Cone_Yellow
4.4215182416895695 27.651242911649774 0.0 0.23 0.23 0.33 0.0 Cone_Yellow
14.286699413609362 25.696596741828273 0.0 0.23 0.23 0.33 0.0 Cone_Yellow
17.57002808407838 40.43592844317672 0.0 0.23 0.23 0.33 0.0 Cone_Yellow
15.5970405729079 -4.630749158203869 0.0 0.23 0.23 0.33 0.0 Cone_Yellow
-2.2498834877363447 -12.790866996515014 0.0 0.23 0.23 0.33 0.0 Cone_Yellow
-3.467063937557761 -1.725045730885018 0.0 0.23 0.23 0.33 0.0 Cone_Yellow
9.955143536189858 5.675149565401391 0.0 0.23 0.23 0.33 0.0 Cone_Yellow
9.25340147476837 8.4813237718244 0.0 0.23 0.23 0.33 0.0 Cone_Yellow
13.17353726306088 -5.943264761641775 0.0 0.23 0.23 0.33 0.0 Cone_Yellow
28.389441578436216 37.52962547958304 0.0 0.23 0.23 0.33 0.0 Cone_Yellow
5.2799624347937915 29.25988659889509 0.0 0.23 0.23 0.33 0.0 Cone_Yellow
15.156064343000018 19.0825959324946 0.0 0.23 0.23 0.33 0.0 Cone_Yellow
21.263014836175774 8.483247410981559 0.0 0.23 0.23 0.33 0.0 Cone_Yellow
3.2717945732275786 -10.895261401245904 0.0 0.23 0.23 0.33 0.0 Cone_Yellow
9.03068172849584 1.2832978562065804 0.0 0.23 0.23 0.33 0.0 Cone_Yellow
25.457261337747493 30.661724515367723 0.0 0.23 0.23 0.33 0.0 Cone_Yellow
-0.5612701774945907 15.226517378529149 0.0 0.23 0.23 0.33 0.0 Cone_Yellow
21.528163562992702 1.5995274914669935 0.0 0.23 0.23 0.33 0.0 Cone_Yellow
13.617789047371144 39.380781766265315 0.0 0.23 0.23 0.33 0.0 Cone_Yellow
0.7360689045266495 20.966784580449577 0.0 0.23 0.23 0.33 0.0 Cone_Yellow
30.287547826989275 32.64442954042751 0.0 0.23 0.23 0.33 0.0 Cone_Yellow
-1.2768706702644939 -1.807220605139701 0.0 0.23 0.23 0.33 0.0 Cone_Yellow
25.837523873048195 38.9208089694488 0.0 0.23 0.23 0.33 0.0 Cone_Yellow
15.663865954018714 27.82768833897041 0.0 0.23 0.23 0.33 0.0 Cone_Yellow
20.17992824554946 -0.977386648005421 0.0 0.23 0.23 0.33 0.0 Cone_Yellow
22.81157711233641 39.669369439556206 0.0 0.23 0.23 0.33 0.0 Cone_Yellow
11.78849907055556 38.25360641981091 0.0 0.23 0.23 0.33 0.0 Cone_Yellow
6.250614183709484 -9.231615188790599 0.0 0.23 0.23 0.33 0.0 Cone_Yellow
9.537562532759532 -7.576568519443136 0.0 0.23 0.23 0.33 0.0 Cone_Yellow
22.039344832386586 6.115832868918222 0.0 0.23 0.23 0.33 0.0 Cone_Yellow
-5.470682627551367 -12.867804551171837 0.0 0.23 0.23 0.33 0.0 Cone_Yellow
1.3453054568531235 -1.789787534240645 0.0 0.23 0.23 0.33 0.0 Cone_Yellow
20.460697347404935 40.50193417266132 0.0 0.23 0.23 0.33 0.0 Cone_Yellow
0.5876684070860851 14.268036984379716 0.0 0.23 0.23 0.33 0.0 Cone_Yellow
16.708799746327863 15.839681303997182 0.0 0.23 0.23 0.33 0.0 Cone_Yellow
21.76274902004171 30.05958664584064 0.0 0.23 0.23 0.33 0.0 Cone_Yellow
-14.458513536331425 -12.768067843569327 0.0 0.23 0.23 0.33 0.0 Cone_Blue
6.570719628280118 5.892663081220483 0.0 0.23 0.23 0.33 0.0 Cone_Blue
24.588496879687664 42.79495571494117 0.0 0.23 0.23 0.33 0.0 Cone_Blue
3.6157035442257235 10.604372614565634 0.0 0.23 0.23 0.33 0.0 Cone_Blue
27.638848751888776 41.37896715483911 0.0 0.23 0.23 0.33 0.0 Cone_Blue
31.88860036255043 29.469778466521355 0.0 0.23 0.23 0.33 0.0 Cone_Blue
-1.7882806117708 -15.748266234500989 0.0 0.23 0.23 0.33 0.0 Cone_Blue
-5.236243380277662 -16.003479622596565 0.0 0.23 0.23 0.33 0.0 Cone_Blue
17.83289335608105 43.770531859361654 0.0 0.23 0.23 0.33 0.0 Cone_Blue
24.46319728705297 7.9885527114730515 0.0 0.23 0.23 0.33 0.0 Cone_Blue
-15.546787822515125 -10.042501816188619 0.0 0.23 0.23 0.33 0.0 Cone_Blue
18.94872461536016 18.012894018631027 0.0 0.23 0.23 0.33 0.0 Cone_Blue
-3.1421521349998387 20.302113903039118 0.0 0.23 0.23 0.33 0.0 Cone_Blue
31.102480147458305 39.97546310024814 0.0 0.23 0.23 0.33 0.0 Cone_Blue
14.725532451880339 -9.114792892840882 0.0 0.23 0.23 0.33 0.0 Cone_Blue
-4.236270885641407 18.50319514319452 0.0 0.23 0.23 0.33 0.0 Cone_Blue
22.16345488022798 12.19711422852245 0.0 0.23 0.23 0.33 0.0 Cone_Blue
-0.0011365180377556072 26.250837990115304 0.0 0.23 0.23 0.33 0.0 Cone_Blue
29.61575865377441 27.952873807179824 0.0 0.23 0.23 0.33 0.0 Cone_Blue
-14.457639576710807 -1.989078922525394 0.0 0.23 0.23 0.33 0.0 Cone_Blue
23.123256056549614 10.62525716351979 0.0 0.23 0.23 0.33 0.0 Cone_Blue
-12.780522049818016 -0.5440572714793888 0.0 0.23 0.23 0.33 0.0 Cone_Blue
14.15293662963834 42.87433103057628 0.0 0.23 0.23 0.33 0.0 Cone_Blue
-9.790759545071282 0.6715140810662596 0.0 0.23 0.23 0.33 0.0 Cone_Blue
-2.7988024020345175 11.773443037734348 0.0 0.23 0.23 0.33 0.0 Cone_Blue
-15.706734638654506 -6.891923753332442 0.0 0.23 0.23 0.33 0.0 Cone_Blue
0.9895029655887551 1.243916128117455 0.0 0.23 0.23 0.33 0.0 Cone_Blue
5.285695399939014 9.653193110800803 0.0 0.23 0.23 0.33 0.0 Cone_Blue
17.39106889870374 -7.355835467226392 0.0 0.23 0.23 0.33 0.0 Cone_Blue
17.59587041267174 24.045582315702 0.0 0.23 0.23 0.33 0.0 Cone_Blue
-4.02367579578771 13.270396991631078 0.0 0.23 0.23 0.33 0.0 Cone_Blue
9.708102004098581 41.01131344777605 0.0 0.23 0.23 0.33 0.0 Cone_Blue
1.432068968974853 -15.007042422749741 0.0 0.23 0.23 0.33 0.0 Cone_Blue
-0.9773578128019258 11.07158686340967 0.0 0.23 0.23 0.33 0.0 Cone_Blue
17.800183562126453 22.48710280491783 0.0 0.23 0.23 0.33 0.0 Cone_Blue
11.95236797542634 42.1916108935211 0.0 0.23 0.23 0.33 0.0 Cone_Blue
22.599614663741917 -2.9455743895138973 0.0 0.23 0.23 0.33 0.0 Cone_Blue
3.596133922670361 32.690191351400394 0.0 0.23 0.23 0.33 0.0 Cone_Blue
7.653475645623896 39.645787318089354 0.0 0.23 0.23 0.33 0.0 Cone_Blue
33.39117769592044 37.994411365175225 0.0 0.23 0.23 0.33 0.0 Cone_Blue
25.310616584892095 4.935925940666877 0.0 0.23 0.23 0.33 0.0 Cone_Blue
-15.41343735334953 -3.7599559789797716 0.0 0.23 0.23 0.33 0.0 Cone_Blue
2.603871537713804 30.696539775123348 0.0 0.23 0.23 0.33 0.0 Cone_Blue
24.14836456980072 -0.4271278897642361 0.0 0.23 0.23 0.33 0.0 Cone_Blue
-1.3930654324765075 1.2558128441659449 0.0 0.23 0.23 0.33 0.0 Cone_Blue
5.171672193861557 35.568325478313724 0.0 0.23 0.23 0.33 0.0 Cone_Blue
21.572589244305338 26.525181327260597 0.0 0.23 0.23 0.33 0.0 Cone_Blue
-3.907565496824095 1.506669213679281 0.0 0.23 0.23 0.33 0.0 Cone_Blue
1.4482346601280054 11.015676982878016 0.0 0.23 0.23 0.33 0.0 Cone_Blue
5.702374855320139 2.98401674220208 0.0 0.23 0.23 0.33 0.0 Cone_Blue
6.634728032752742 4.594182580088535 0.0 0.23 0.23 0.33 0.0 Cone_Blue
20.47507565083736 15.190781820229867 0.0 0.23 0.23 0.33 0.0 Cone_Blue
5.924325959049511 8.213830052659986 0.0 0.23 0.23 0.33 0.0 Cone_Blue
20.152894099782305 -5.356716718011931 0.0 0.23 0.23 0.33 0.0 Cone_Blue
6.2828181562610705 37.619688058453114 0.0 0.23 0.23 0.33 0.0 Cone_Blue
21.679791284383082 43.69429658522665 0.0 0.23 0.23 0.33 0.0 Cone_Blue
-11.868140966475922 -14.896303426873239 0.0 0.23 0.23 0.33 0.0 Cone_Blue
1.4883878014635477 29.102184756298392 0.0 0.23 0.23 0.33 0.0 Cone_Blue
27.137067770454106 27.362247291974136 0.0 0.23 0.23 0.33 0.0 Cone_Blue
-1.766742637748301 22.914586664250756 0.0 0.23 0.23 0.33 0.0 Cone_Blue
18.03454053614156 25.116815320946692 0.0 0.23 0.23 0.33 0.0 Cone_Blue
18.31426290965668 19.724005876848736 0.0 0.23 0.23 0.33 0.0 Cone_Blue
24.980835369986735 1.84087041697412 0.0 0.23 0.23 0.33 0.0 Cone_Blue
-7.041053925782993 1.1523014290502687 0.0 0.23 0.23 0.33 0.0 Cone_Blue
3.771076615314884 2.0071668158444638 0.0 0.23 0.23 0.33 0.0 Cone_Blue
4.69489075410981 -14.035572294353948 0.0 0.23 0.23 0.33 0.0 Cone_Blue
34.956099303885544 34.59272599751884 0.0 0.23 0.23 0.33 0.0 Cone_Blue
19.059894460621514 25.980546460692043 0.0 0.23 0.23 0.33 0.0 Cone_Blue
33.84941060474947 31.744689073568978 0.0 0.23 0.23 0.33 0.0 Cone_Blue
10.841428061068752 -11.32369897459931 0.0 0.23 0.23 0.33 0.0 Cone_Blue
24.310003827803385 26.84035869835666 0.0 0.23 0.23 0.33 0.0 Cone_Blue
-4.718754926148193 15.74086172529162 0.0 0.23 0.23 0.33 0.0 Cone_Blue
7.682320787142402 -13.014729809700192 0.0 0.23 0.23 0.33 0.0 Cone_Blue
-8.55171090720415 -15.826292127146488 0.0 0.23 0.23 0.33 0.0 Cone_Blue
