-6.29002308782146 -19.777336559214785 0.0 0.23 0.23 0.33 0.0 Cone_Yellow
-6.219259938330138 -17.283095621468494 0.0 0.23 0.23 0.33 0.0 Cone_Yellow
-36.096294410919285 -47.263513735128086 0.0 0.23 0.23 0.33 0.0 Cone_Yellow
-22.46916381146498 -20.628778138577278 0.0 0.23 0.23 0.33 0.0 Cone_Yellow
-10.003933441383603 -5.890646323474405 0.0 0.23 0.23 0.33 0.0 Cone_Yellow
-38.5609761438498 -39.42734812326457 0.0 0.23 0.23 0.33 0.0 Cone_Yellow
-19.529860944567442 -23.976049321913173 0.0 0.23 0.23 0.33 0.0 Cone_Yellow
-18.21879627572514 -38.833630116974305 0.0 0.23 0.23 0.33 0.0 Cone_Yellow
-14.749959629866616 -36.164627226392824 0.0 0.23 0.23 0.33 0.0 Cone_Yellow
12.543490827497397 -10.691452172793758 0.0 0.23 0.23 0.33 0.0 Cone_Yellow
-4.342176176947012 -28.364708377420165 0.0 0.23 0.23 0.33 0.0 Cone_Yellow
-34.92421200114147 -37.334415301092484 0.0 0.23 0.23 0.33 0.0 Cone_Yellow
-21.149167677823378 -39.25026535780228 0.0 0.23 0.23 0.33 0.0 Cone_Yellow
-8.446180404046679 -4.48887739526138 0.0 0.23 0.23 0.33 0.0 Cone_Yellow
12.659109864857587 -8.916546710753895 0.0 0.23 0.23 0.33 0.0 Cone_Yellow
-0.740599040816857 -12.732718063032147 0.0 0.23 0.23 0.33 0.0 Cone_Yellow
-15.658021944093603 -26.14751765857814 0.0 0.23 0.23 0.33 0.0 Cone_Yellow
-21.495554211828868 -18.99780701200502 0.0 0.23 0.23 0.33 0.0 Cone_Yellow
-6.945069347421462 -3.476173136093026 0.0 0.23 0.23 0.33 0.0 Cone_Yellow
-39.203606745003 -41.480829613369885 0.0 0.23 0.23 0.33 0.0 Cone_Yellow
-37.008669526974074 -37.67354698430476 0.0 0.23 0.23 0.33 0.0 Cone_Yellow
-16.88744881002357 -13.796100807354357 0.0 0.23 0.23 0.33 0.0 Cone_Yellow
-39.226387398633676 -44.44479717200019 0.0 0.23 0.23 0.33 0.0 Cone_Yellow
-2.595307170131548 -38.35725721034304 0.0 0.23 0.23 0.33 0.0 Cone_Yellow
-1.0407189712882996 -1.5359777909444539 0.0 0.23 0.23 0.33 0.0 Cone_Yellow
-11.867027328425978 -7.970938772429365 0.0 0.23 0.23 0.33 0.0 Cone_Yellow
-32.0103004302418 -37.360178062825575 0.0 0.23 0.23 0.33 0.0 Cone_Yellow
-14.701106159934668 -28.047262112506623 0.0 0.23 0.23 0.33 0.0 Cone_Yellow
-17.372231801704363 -24.85016168551754 0.0 0.23 0.23 0.33 0.0 Cone_Yellow
9.834257644639795 -12.565182185342602 0.0 0.23 0.23 0.33 0.0 Cone_Yellow
-3.5436617016299365 -31.286789122568756 0.0 0.23 0.23 0.33 0.0 Cone_Yellow
-27.343251567684476 -48.87491699259875 0.0 0.23 0.23 0.33 0.0 Cone_Yellow
-38.07345536046587 -46.08969210857808 0.0 0.23 0.23 0.33 0.0 Cone_Yellow
-8.19490320416496 -44.0565425215356 0.0 0.23 0.23 0.33 0.0 Cone_Yellow
-14.652222266875752 -11.126052465625406 0.0 0.23 0.23 0.33 0.0 Cone_Yellow
-5.479682834823514 -15.250002219374288 0.0 0.23 0.23 0.33 0.0 Cone_Yellow
1.0354465062954752 -1.6271818128215454 0.0 0.23 0.23 0.33 0.0 Cone_Yellow
-11.025803806319471 -45.09469095059548 0.0 0.23 0.23 0.33 0.0 Cone_Yellow
-30.251033074020953 -49.03052392035431 0.0 0.23 0.23 0.33 0.0 Cone_Yellow
-28.947486184996848 -37.974543907781374 0.0 0.23 0.23 0.33 0.0 Cone_Yellow
-14.204507618773558 -33.783705460956384 0.0 0.23 0.23 0.33 0.0 Cone_Yellow
-14.256943453132864 -30.891594453260282 0.0 0.23 0.23 0.33 0.0 Cone_Yellow
-13.682462099647307 -45.82833406178774 0.0 0.23 0.23 0.33 0.0 Cone_Yellow
10.923657992889282 -6.893070045065004 0.0 0.23 0.23 0.33 0.0 Cone_Yellow
-13.453881167369097 -9.7517746354827 0.0 0.23 0.23 0.33 0.0 Cone_Yellow
-6.1205840341195366 -21.890035934579494 0.0 0.23 0.23 0.33 0.0 Cone_Yellow
-2.554767184189995 -33.59157359419324 0.0 0.23 0.23 0.33 0.0 Cone_Yellow
-24.444442402981977 -48.425747961218164 0.0 0.23 0.23 0.33 0.0 Cone_Yellow
-16.09332402222889 -37.854990720365294 0.0 0.23 0.23 0.33 0.0 Cone_Yellow
6.521544326774929 -12.925245431172762 0.0 0.23 0.23 0.33 0.0 Cone_Yellow
-22.302518491124708 -22.111267651727932 0.0 0.23 0.23 0.33 0.0 Cone_Yellow
-3.8450751794552396 -40.35847902097503 0.0 0.23 0.23 0.33 0.0 Cone_Yellow
-3.052856562822507 -1.7661275868135995 0.0 0.23 0.23 0.33 0.0 Cone_Yellow
-19.747024897142538 -16.810021691173077 0.0 0.23 0.23 0.33 0.0 Cone_Yellow
11.67406257288139 -12.080057577444924 0.0 0.23 0.23 0.33 0.0 Cone_Yellow
-26.831926375103265 -38.54734924017499 0.0 0.23 0.23 0.33 0.0 Cone_Yellow
8.750139853720121 -4.963434230655832 0.0 0.23 0.23 0.33 0.0 Cone_Yellow
-3.658379669237016 -13.48336873886468 0.0 0.23 0.23 0.33 0.0 Cone_Yellow
-5.738487363487367 -42.566015035352336 0.0 0.23 0.23 0.33 0.0 Cone_Yellow
5.97017091288269 -3.553303292037439 0.0 0.23 0.23 0.33 0.0 Cone_Yellow
-5.088837570475842 -2.4528643758437845 0.0 0.23 0.23 0.33 0.0 Cone_Yellow
-21.167708163784727 -47.47490742901475 0.0 0.23 0.23 0.33 0.0 Cone_Yellow
-17.592678829612524 -46.60176701255861 0.0 0.23 0.23 0.33 0.0 Cone_Yellow
-2.3309458822481037 -36.072953029464415 0.0 0.23 0.23 0.33 0.0 Cone_Yellow
-33.4065750766293 -48.38089236622209 0.0 0.23 0.23 0.33 0.0 Cone_Yellow
-24.273048488792224 -39.12028511488947 0.0 0.23 0.23 0.33 0.0 Cone_Yellow
3.8668622269943995 -2.2131942383251886 0.0 0.23 0.23 0.33 0.0 Cone_Yellow
-21.398666659180286 -23.30365869622542 0.0 0.23 0.23 0.33 0.0 Cone_Yellow
-5.337225653029755 -25.39914296732253 0.0 0.23 0.23 0.33 0.0 Cone_Yellow
2.786276384436185 -12.680777276733679 0.0 0.23 0.23 0.33 0.0 Cone_Yellow
-42.14156218963777 -46.26168213803765 0.0 0.23 0.23 0.33 0.0 Cone_Blue
-17.45323592031791 -32.810359817960126 0.0 0.23 0.23 0.33 0.0 Cone_Blue
8.404715187704095 -0.9076034605348511 0.0 0.23 0.23 0.33 0.0 Cone_Blue
-19.272486120738986 -27.55463384604116 0.0 0.23 0.23 0.33 0.0 Cone_Blue
11.058309490278226 -2.973543300880369 0.0 0.23 0.23 0.33 0.0 Cone_Blue
12.519857003085889 -15.533521120688915 0.0 0.23 0.23 0.33 0.0 Cone_Blue
-30.466602123033816 -52.015958135514204 0.0 0.23 0.23 0.33 0.0 Cone_Blue
-33.88359181755321 -51.488926301541184 0.0 0.23 0.23 0.33 0.0 Cone_Blue
2.041772973728392 1.5628001832720404 0.0 0.23 0.23 0.33 0.0 Cone_Blue
0.4520841204065853 -34.793545223088884 0.0 0.23 0.23 0.33 0.0 Cone_Blue
-42.58875614766771 -43.36115310776024 0.0 0.23 0.23 0.33 0.0 Cone_Blue
-2.665805048698221 -23.78556654313045 0.0 0.23 0.23 0.33 0.0 Cone_Blue
-23.67536040588947 -16.585153570815486 0.0 0.23 0.23 0.33 0.0 Cone_Blue
14.117397469800316 -5.120295920343468 0.0 0.23 0.23 0.33 0.0 Cone_Blue
-12.883764835500205 -49.26771808125256 0.0 0.23 0.23 0.33 0.0 Cone_Blue
-25.146141465605044 -18.09180801673473 0.0 0.23 0.23 0.33 0.0 Cone_Blue
-0.8418858656609522 -30.17548861281496 0.0 0.23 0.23 0.33 0.0 Cone_Blue
-19.27655602412254 -11.495574277680525 0.0 0.23 0.23 0.33 0.0 Cone_Blue
9.964015788146192 -16.50020869312352 0.0 0.23 0.23 0.33 0.0 Cone_Blue
-39.71571594777896 -35.75921228877586 0.0 0.23 0.23 0.33 0.0 Cone_Blue
-0.260316792197262 -31.92298120039802 0.0 0.23 0.23 0.33 0.0 Cone_Blue
-37.75649917964991 -34.72854239667432 0.0 0.23 0.23 0.33 0.0 Cone_Blue
-1.745469100647135 1.5174691333578547 0.0 0.23 0.23 0.33 0.0 Cone_Blue
-34.56990786506945 -34.21675206679346 0.0 0.23 0.23 0.33 0.0 Cone_Blue
-25.259543665448174 -24.972434367829482 0.0 0.23 0.23 0.33 0.0 Cone_Blue
-42.03580382135661 -40.25535710045859 0.0 0.23 0.23 0.33 0.0 Cone_Blue
-23.93722474930562 -36.084304920653665 0.0 0.23 0.23 0.33 0.0 Cone_Blue
-17.859295854625223 -28.85713471678649 0.0 0.23 0.23 0.33 0.0 Cone_Blue
-9.890840090382113 -48.153529028834576 0.0 0.23 0.23 0.33 0.0 Cone_Blue
-2.6267790697085154 -17.603170603342 0.0 0.23 0.23 0.33 0.0 Cone_Blue
-26.116241023918665 -23.238290311875307 0.0 0.23 0.23 0.33 0.0 Cone_Blue
-6.495490061795829 0.7021837656073746 0.0 0.23 0.23 0.33 0.0 Cone_Blue
-27.162050868580728 -52.018231460894704 0.0 0.23 0.23 0.33 0.0 Cone_Blue
-23.6426918768163 -26.066076345206113 0.0 0.23 0.23 0.33 0.0 Cone_Blue
-2.7783212672993685 -19.167663240244934 0.0 0.23 0.23 0.33 0.0 Cone_Blue
-4.043219984376853 1.3473219507177916 0.0 0.23 0.23 0.33 0.0 Cone_Blue
-3.823621809520157 -45.02811480149488 0.0 0.23 0.23 0.33 0.0 Cone_Blue
-14.322814099989943 -6.030588707326569 0.0 0.23 0.23 0.33 0.0 Cone_Blue
-8.804653671640319 -0.166098738400402 0.0 0.23 0.23 0.33 0.0 Cone_Blue
15.901738024057622 -7.565460788364597 0.0 0.23 0.23 0.33 0.0 Cone_Blue
0.5910172388584733 -37.95856453689882 0.0 0.23 0.23 0.33 0.0 Cone_Blue
-41.045413270578955 -37.26966254238986 0.0 0.23 0.23 0.33 0.0 Cone_Blue
-15.738159775584693 -7.749898995426671 0.0 0.23 0.23 0.33 0.0 Cone_Blue
-1.7479889974812366 -42.922658206547865 0.0 0.23 0.23 0.33 0.0 Cone_Blue
-26.2560388728867 -35.536696699757634 0.0 0.23 0.23 0.33 0.0 Cone_Blue
-12.140159204776047 -3.5806918717659126 0.0 0.23 0.23 0.33 0.0 Cone_Blue
1.805841308862476 -16.081796059231028 0.0 0.23 0.23 0.33 0.0 Cone_Blue
-28.64964279386561 -34.72657339975706 0.0 0.23 0.23 0.33 0.0 Cone_Blue
-21.291858440393746 -26.666248748497985 0.0 0.23 0.23 0.33 0.0 Cone_Blue
-18.953690885496524 -35.44908698606276 0.0 0.23 0.23 0.33 0.0 Cone_Blue
-17.68299303487958 -34.08995364256671 0.0 0.23 0.23 0.33 0.0 Cone_Blue
-1.8134849637811854 -26.878722733288644 0.0 0.23 0.23 0.33 0.0 Cone_Blue
-17.56085636145032 -30.403274708211512 0.0 0.23 0.23 0.33 0.0 Cone_Blue
-6.750064872847721 -46.82699774473487 0.0 0.23 0.23 0.33 0.0 Cone_Blue
-10.595994077723372 -1.831895758621993 0.0 0.23 0.23 0.33 0.0 Cone_Blue
5.772903605362892 0.6230663393164217 0.0 0.23 0.23 0.33 0.0 Cone_Blue
-40.096392711441524 -48.91812685874147 0.0 0.23 0.23 0.33 0.0 Cone_Blue
-17.183736554168963 -9.05242717904078 0.0 0.23 0.23 0.33 0.0 Cone_Blue
7.4159911091946285 -16.518052767014 0.0 0.23 0.23 0.33 0.0 Cone_Blue
-21.747470886500988 -14.349083980164398 0.0 0.23 0.23 0.33 0.0 Cone_Blue
-1.9583545639814304 -16.658088432896434 0.0 0.23 0.23 0.33 0.0 Cone_Blue
-2.8990460823267057 -21.975581994144093 0.0 0.23 0.23 0.33 0.0 Cone_Blue
-0.42661766057360495 -40.90008515656195 0.0 0.23 0.23 0.33 0.0 Cone_Blue
-31.782526971753725 -34.36690273214503 0.0 0.23 0.23 0.33 0.0 Cone_Blue
-21.055245800445896 -35.96640275996146 0.0 0.23 0.23 0.33 0.0 Cone_Blue
-23.764316709994425 -51.805716050883035 0.0 0.23 0.23 0.33 0.0 Cone_Blue
16.661250888847675 -11.232010009065442 0.0 0.23 0.23 0.33 0.0 Cone_Blue
-0.7649686352332026 -16.047177492351096 0.0 0.23 0.23 0.33 0.0 Cone_Blue
14.942197568202893 -13.75806026148668 0.0 0.23 0.23 0.33 0.0 Cone_Blue
-17.165246038551317 -50.54617484808952 0.0 0.23 0.23 0.33 0.0 Cone_Blue
4.543988274273708 -16.390546076248103 0.0 0.23 0.23 0.33 0.0 Cone_Blue
-26.237710712051946 -20.67478175667446 0.0 0.23 0.23 0.33 0.0 Cone_Blue
-20.623807049828134 -51.48313791284301 0.0 0.23 0.23 0.33 0.0 Cone_Blue
-37.07420376980434 -50.57038631830684 0.0 0.23 0.23 0.33 0.0 Cone_Blue
